1
29974
2
144568
53947
51146
8086
65985
13
344752
343066
51166
22848
14
15
25980
16
57505
132949
60496
10157
9625
18
19
10349
26154
154664
20
21
24
23461
23460
10347
10351
10350
5243
23456
8647
5244
340273
10058
22
11194
23457
4363
89845
85320
94160
1244
8714
10257
10057
368
6833
10060
215
225
5825
5826
6059
23
55324
9619
9429
64240
64241
84696
55347
83451
26090
145447
25864
84836
7920
171586
63874
51099
57406
10006
10152
51225
25890
25
27
84448
22885
29
29777
80325
25841
30
10449
32
80724
84129
27034
28976
33
34
35
36
37
176
9744
23527
116983
38
39
64746
79777
84320
84680
390110
65057
1636
59272
125981
340485
55331
43
22985
2532
57007
51554
47
130013
48
50
730249
641371
26027
134526
55856
10965
122970
641372
11332
10005
23597
51
8309
8310
55289
52
53
54
390928
55
93650
49
84519
56
23205
80221
197322
2180
2181
2182
51703
23305
116285
123876
348158
6296
341392
54988
142827
84532
55902
79611
58
59
60
345651
70
71
72
170487
86
51412
10881
10880
81569
284382
87
88
81
55860
10121
10120
10097
10096
57180
653857
79913
64431
93973
139741
140625
84517
90
91
130399
92
93
94
95
91703
97
98
100
132612
161931
161823
102
4185
8038
8751
6868
8749
8728
2515
8748
53616
8745
11086
11085
80332
8756
101
8754
9510
81792
11093
140766
170690
170691
171019
9509
80070
9508
9507
11096
11173
56999
92949
11033
55803
103
104
105
23536
134637
113179
57143
90956
203054
107
55811
108
109
196883
111
112
113
114
115
116
117
118
119
120
79747
84435
25960
166647
575
576
577
2015
30817
976
221393
10149
139378
57211
84873
22859
23266
23284
64123
84059
124
125
127
128
130
131
137872
55256
9370
51094
79602
10974
132
133
79924
23394
134
135
136
83440
141
113622
54936
56985
148
147
146
150
152
153
154
155
11047
158
159
122622
84830
165
121536
64782
166
60312
134265
84632
4301
4299
27125
10939
173
125061
174
54812
175
116987
116986
116988
119016
729092
414189
340351
84871
60509
177
3267
55109
55750
178
79814
392636
26523
27161
192669
192670
10554
10555
56894
56895
55326
8540
10551
155465
375790
181
183
23287
185
186
57085
189
64902
25909
191
10768
23382
54806
79026
196
57491
10598
197
51327
57379
64853
199
9131
84883
150209
202
9447
9255
7965
9049
23746
326
55966
84962
203
204
50808
205
26289
122481
158067
221264
8165
11216
11215
9590
11214
158798
8227
10566
8852
9495
9472
9465
10270
26993
10142
56672
10327
231
57016
441282
1645
1646
8644
1109
6718
83592
8574
22977
207
84335
208
10000
64400
210
211
212
213
214
126133
5832
216
8854
220
219
10840
160428
217
218
224
222
8659
7915
4329
501
64577
223
229
230
56052
84920
144245
440138
79087
79868
199857
200810
85365
10195
29880
29929
79053
79796
238
8846
121642
221120
54784
54890
84964
84266
91801
55821
239
242
246
247
240
241
59344
248
80216
115701
57538
249
250
251
57679
151254
130540
8092
257
60529
10189
23600
258
259
55626
262
144193
265
266
139285
219287
267
268
269
9949
81693
196394
154796
154810
51421
270
271
272
273
275
401138
276
277
278
279
280
64682
10393
51529
25847
25906
119504
29882
29945
51433
51434
283
23357
90806
284
285
51378
9068
23452
27329
51129
253935
83854
10218
286
287
288
150709
728780
63926
51479
56172
54882
54467
255239
126549
23141
57037
57763
27063
55608
29123
23253
88455
338692
54522
26057
253650
441459
26287
441430
728747
118932
200539
170961
22852
84079
23243
147463
91074
374860
554226
256006
390616
148741
375248
400986
353322
51239
338699
91526
339416
157567
54851
57182
283373
79998
129138
79722
22881
140731
100310846
100131244
441869
100287718
56311
122416
23294
56899
124401
257629
203286
55139
54443
55107
55129
57101
63982
121601
203859
196527
57719
3730
8125
10541
23519
290
84168
118429
301
11199
311
312
302
306
307
308
309
310
26
314
8639
316
55435
162
164
8906
8907
10053
1174
8905
130340
160
161
1173
1175
8546
8120
8943
26985
10947
1176
10239
10717
23431
9179
11154
91056
55745
55317
9907
317
320
321
9546
322
54518
323
324
10297
147495
325
327
328
27301
51107
83464
8539
51074
200558
187
333
334
57136
335
336
337
116519
338
339
10930
200315
9582
27350
140564
200316
60489
164668
403314
55911
344
345
346
347
348
319
350
8542
23780
80833
55937
79135
139322
84334
351
10513
26060
55198
353
54840
358
89872
282679
375318
653437
359
360
361
362
363
364
343
366
9716
367
369
116985
116984
64411
23237
372
9870
375
377
378
381
382
55738
84364
26286
10565
10564
27236
23647
383
384
503582
55082
392
79658
9824
94134
55843
55114
84986
57569
57584
58504
83478
9938
23092
201176
79822
9411
257106
57514
9743
115703
2909
158763
80728
393
343578
9912
23526
394
395
64333
396
397
398
9138
9826
23365
22899
27237
9828
23370
128272
9181
115557
64283
50650
50649
55701
7984
9459
8874
23229
8289
57492
196528
1820
10620
138715
5926
51742
10865
84159
25820
10425
400
285598
115761
392509
200894
80117
54622
339231
51326
100506084
402
23568
403
10124
10123
379
26225
221079
390790
84100
23204
10550
132946
55156
83787
219681
55130
93436
25852
80210
51566
100131755
64860
54470
79624
405
9915
406
56938
10552
10095
10109
10094
10093
10092
81873
10776
10777
407
408
409
27106
57561
645432
410
411
414
415
416
22901
347527
340075
79642
153642
417
420
9048
64801
421
170302
57412
427
56624
653308
50807
8853
51665
136371
140456
142689
79754
142686
142685
92591
127247
401036
51676
51666
140458
140459
140460
140461
140462
51008
10973
429
430
25842
55723
432
433
55870
9070
41
40
9311
51802
434
435
438
8623
439
440
54529
443
554235
374569
444
57168
259266
54829
151516
79058
80150
445
431705
23245
55726
171023
136991
84896
29028
54454
55210
83858
79915
79969
85300
11101
466
1386
467
468
22809
22926
1388
55729
80063
83734
60673
9140
9776
22863
55054
23130
55102
64422
115201
23192
84938
84971
9474
10533
79065
471
51062
64225
25923
472
23300
1822
474
220202
84913
475
57194
23120
23200
286410
479
57130
23400
79572
84239
344905
476
477
478
480
481
482
483
23439
91419
487
488
489
490
491
492
493
9914
495
496
498
506
509
513
514
515
516
517
518
10476
521
522
9551
10632
267020
539
27109
537
10159
535
23545
50617
533
527
9114
245972
8992
155066
523
525
526
528
245973
51382
529
90423
9296
9550
534
127124
51606
538
540
10396
51761
5205
57198
148229
79895
10079
374868
64756
91647
93974
545
51374
84126
8455
546
6310
25814
342371
6311
11273
4287
92552
222255
127002
56970
549
79000
550
6790
54998
9212
6795
57099
10677
23080
551
552
553
554
158833
158835
8312
8313
558
563
64343
51582
113451
566
567
8706
148789
8707
8705
10317
126792
27087
135152
26229
10678
10331
146712
2583
124872
283358
338707
2683
8704
8703
9331
11285
11041
27077
80776
79870
570
29086
23621
25825
60468
572
9532
9531
9530
9529
7917
22893
10458
55971
8938
578
25805
8815
140836
54971
8314
580
56751
343472
56033
8538
10409
10538
116071
55509
581
11177
9031
11176
29994
27113
92482
8424
582
79738
166379
583
585
129880
55212
27241
4059
63827
10134
9564
8412
8537
10286
54828
55653
586
587
56647
590
593
594
10295
53335
64919
596
597
598
10017
10018
599
602
604
255877
605
9275
9274
607
283149
9774
53630
54880
63035
613
617
622
56898
623
627
55814
8678
79656
7439
54831
144453
266675
10282
51272
55859
84707
340542
51283
631
8419
632
633
168620
727857
27319
8553
79365
388553
635
23743
80114
636
23299
637
638
274
55909
329
330
332
57448
79444
112401
10904
414899
640
641
642
29760
2647
282991
388552
55330
63915
26258
644
645
8548
90427
648
649
27302
9210
650
55589
651
652
653
654
655
353500
656
168667
658
659
9790
660
646
54796
662
663
664
665
149428
91653
259282
284257
666
51027
552900
654483
388962
66037
79866
118426
54785
669
670
671
51297
128861
92747
80341
10380
2186
9083
442867
442868
673
8315
672
675
79184
23774
6046
8019
23476
29117
10902
65980
676
9577
55290
140707
1620
83990
55299
55845
25855
84312
148362
7862
27154
680
84446
9024
54014
254065
26580
682
8927
7809
100131137
54836
683
684
390259
9044
53339
84280
121551
55643
22903
90135
55727
114781
685
686
689
91408
694
7832
10950
54766
695
151888
696
11120
10385
11119
11118
10384
153579
8945
699
701
9184
84811
8896
11149
705
9689
28969
11067
83938
399814
219738
64115
414157
118611
29125
53838
143501
28970
55216
10944
79864
119710
60314
91298
121053
115749
113246
144608
91574
11161
55195
55017
80017
51637
283579
9556
145407
123207
84529
84419
89927
64755
80178
80262
284083
124944
78995
124773
201243
64149
55028
400566
162681
83636
55009
148223
64073
374872
79002
126526
84798
28974
284325
79173
55049
374920
125988
10438
56913
29071
257044
55765
54955
55732
127687
54987
128346
284546
81563
149466
54953
79169
79078
54964
712
713
708
714
114897
114898
114900
114902
114904
51279
716
717
128653
140873
55969
54976
8209
54149
84645
79680
25770
128977
26005
145741
388125
126567
9847
84417
79074
130813
165100
388939
129852
130355
388960
718
719
152405
205428
200844
720
721
722
725
84103
55286
255119
401152
132720
441054
401115
727
728
56951
55322
153571
65250
133491
729
64771
168090
387263
647024
221545
29113
404220
352999
730
136895
78996
84310
136288
402573
731
732
733
492307
116328
157657
56892
56260
735
286257
79095
389813
84909
84267
203228
51759
158401
56934
770
771
377677
760
761
762
763
765
766
767
768
51719
81617
23523
9478
51475
57010
56344
164633
85438
26256
11094
57685
773
774
775
776
777
778
8913
8912
8911
779
781
9254
55799
93589
782
783
784
785
786
10369
10368
27092
27091
59285
59284
59283
58509
143384
27101
790
23705
253559
57863
199731
8618
285782
793
794
796
797
57658
10241
799
10203
800
255022
801
805
808
810
91860
51806
163688
83698
811
125972
813
50632
8536
57172
815
816
817
818
814
84254
10645
79823
79012
819
23261
23125
23066
124583
821
10487
10486
822
823
11132
11131
147968
92291
440854
6650
824
825
726
827
23473
388743
10753
826
84290
4076
84698
133690
829
830
93661
832
29775
84433
79092
114769
440068
59082
84674
22900
64170
79800
23589
10498
55604
90668
138199
57571
833
79587
9607
55259
22794
113201
64921
8573
57524
57513
834
843
100506742
835
836
837
838
839
840
841
842
844
845
846
57091
831
847
117144
347732
378807
79820
257062
57828
857
858
859
9139
863
865
867
868
23624
79872
869
643866
140689
873
874
84869
875
150472
10951
84733
11335
8535
23468
23466
23492
57332
25776
54862
200014
55749
57805
92922
126402
256309
29070
93233
84317
164592
151903
79635
160857
152206
81576
79879
64753
339230
64770
84865
57639
115948
147872
550631
149483
80129
374355
129881
51244
57821
101927581
84960
164127
28952
55246
148870
79140
80125
339834
120935
55036
146849
124808
57003
152137
51019
84692
131076
29080
8030
84660
160762
85478
26112
83446
91409
84318
83987
151887
60494
338657
114800
11007
317762
79080
55704
283234
440193
26093
55297
80212
55702
257236
90324
196477
54535
881
885
886
887
6346
6356
6357
6361
6363
6347
6364
6366
6367
6369
6370
10344
10850
56477
6354
6355
83605
8900
890
891
57820
9133
85417
892
595
894
896
23582
898
9134
899
900
901
902
10983
645121
79616
8812
57018
81669
10309
904
905
219771
9738
1230
2826
729230
1232
1233
1234
1235
1236
1237
10803
9034
9973
126731
10576
7203
10575
22948
908
10693
10574
10694
150160
9398
135228
929
977
11126
9332
8763
4064
930
910
911
912
913
914
4345
131450
50489
30835
933
10666
51744
919
57124
939
29126
80381
940
23607
10421
11314
10871
124599
146894
9936
51293
945
947
948
951
952
915
916
10849
917
920
958
959
960
4179
961
962
921
1043
963
1604
965
966
922
923
967
968
969
924
970
971
972
973
974
941
975
3732
9308
8832
942
925
926
928
10225
4267
83692
978
81602
146059
8872
8556
8555
8881
991
166979
8697
993
994
995
246184
996
997
11140
55664
51362
998
8476
9578
55561
11135
10435
10602
23580
148170
8318
988
990
8317
79577
157313
83461
55038
113130
83879
55536
55143
64866
200008
999
1008
1009
1010
1012
1013
1014
1015
1016
1000
28316
64072
64403
1001
1003
1004
1005
1006
1007
92211
54825
53841
10423
983
8558
728642
984
51755
8621
5218
65061
5127
5128
5129
23097
1017
23552
8099
1018
1019
1020
8851
8941
51654
55755
80279
1021
1022
1024
1025
54901
6792
1026
1027
1028
55602
1030
1031
1032
1033
441549
1036
50937
1038
1039
30850
374286
146822
256223
1040
8760
1041
81620
55573
1044
1045
1046
9085
253175
9426
203611
9425
634
1084
1089
1048
4680
1087
1088
1050
1051
1052
1053
1054
10153
51816
27443
27440
1056
1990
63036
51032
10136
23436
10658
11189
9620
1952
1951
57214
1058
1059
1060
1062
1063
64946
2491
55835
64105
91687
79019
55839
79172
401541
55166
378708
79682
201161
387103
201254
153241
22994
9662
22995
22832
22897
55125
11190
80184
100653515
9857
95681
55165
9702
80254
23177
80321
55722
79959
84131
51134
84902
79598
10390
9350
51148
64781
375298
29956
204219
79603
91012
253782
1066
8824
23491
283848
221223
1068
1069
1070
1071
348807
257177
286207
29105
112942
80217
25790
286464
146845
220136
118491
389799
57587
629
55997
653275
1675
10428
3075
3078
3080
10878
10877
81494
3426
1072
1073
8837
5199
1080
1081
1082
93659
94027
94115
8545
57530
10669
10668
9023
79094
1101
150356
10036
8208
283489
1103
118487
400916
51142
54927
131474
84303
79145
1105
9557
1106
1107
1108
26038
84181
55636
57680
80205
55349
1111
11200
10523
55743
1113
1114
1116
27159
1118
1119
1120
10752
1121
1122
5119
57132
27243
25978
29082
128866
92421
51510
79643
91782
1123
1124
26973
11261
63928
79586
54480
56994
54108
8646
25884
89832
1128
1129
1131
1132
1133
1134
57053
1135
1136
1137
1138
8973
1139
1140
1141
1142
1143
1144
1146
9486
50515
55501
166012
113189
51363
9435
9469
10164
23563
56548
64377
22856
337876
63922
26097
1147
9391
57019
148523
10519
10518
117286
130106
23152
1149
27141
63924
4261
8483
148113
51550
85457
1153
55847
493856
1154
11113
4435
10370
163732
25792
26586
150468
10970
9793
1152
51192
1158
548596
1159
1160
1163
1164
23332
23122
11129
1178
1179
9635
22802
23155
23529
1180
1181
1182
1183
1184
1185
1186
1187
1188
9076
9071
5010
9069
23562
24146
10686
26285
51208
149461
9075
49861
53842
137075
100132463
644672
1365
1364
7122
9074
1366
9080
10462
6320
160364
161198
23274
348174
497190
283971
51267
51266
387836
9976
29121
7123
50856
170482
26253
339390
10332
23601
93978
64581
283420
160365
1047
130162
1192
1193
9022
25932
53405
54102
9685
6249
7461
25999
79745
1195
1196
1198
57396
79789
79827
1201
1203
54982
2055
116449
1207
9575
10978
81570
8192
1208
81037
10845
7401
63967
22883
64084
9746
1211
1212
1213
1191
23059
23277
27098
157807
134829
171425
1215
55907
134147
56942
100272147
80790
1240
51727
129607
84319
113540
146225
123920
146223
116173
54918
112616
152189
55783
140894
7555
84735
55748
255919
84518
1259
1260
1261
1262
1258
54714
10175
254263
149111
29097
10256
22866
1264
1265
1266
26507
54805
26505
26504
23019
25904
55571
4848
4849
4850
57472
29883
9337
9125
1267
27013
285888
10330
10695
1268
1269
163882
79935
1270
1271
54875
1272
6900
5067
152330
53942
27255
8506
11064
55744
28958
51287
493753
388753
65260
80347
23242
1690
9382
22796
83548
25839
10466
57511
91949
84342
8161
1300
1301
1302
1303
1305
7373
1306
1307
1308
80781
1277
1278
57642
81578
169044
91522
255631
84570
85301
340267
1280
1281
1282
1284
1285
10087
1286
1287
1288
1289
1290
50509
1291
1292
1293
256076
131873
1294
1295
1296
1297
1298
1299
120376
81035
79709
23127
8292
150684
51397
51122
23412
54939
170622
54951
1311
1312
118881
1314
1315
9276
11316
22820
55352
9318
8533
51138
10987
10980
50813
64708
10920
22818
93058
80219
27235
51805
51117
84274
51004
10229
56997
79934
57017
10699
11151
57175
23603
7464
10391
84940
79585
1325
23406
1352
1353
84987
1355
51241
10063
285521
90639
116228
1327
84701
9377
1329
1337
1339
1340
125965
1345
1346
1347
9167
1349
1350
1351
341947
1356
1357
1358
1359
51200
57094
27151
1360
1361
1362
1363
132864
22849
80315
79974
10815
10814
594855
339302
1369
1370
8904
131034
57699
27132
1371
55313
10404
1373
53981
51692
54973
10898
642843
11052
79869
1374
1375
126129
1376
54504
53336
119587
1378
1380
1381
1382
8738
57585
1384
23418
286204
92359
51185
27297
1385
10488
64764
84699
148327
9586
1387
1389
153222
58487
78987
79174
1390
1392
1394
1395
51232
1396
9419
167
7180
10321
83690
83716
1398
1399
9244
64109
51379
54675
1400
51340
9696
54677
1401
56253
10491
23373
200186
64784
1406
1407
1408
1409
1410
1411
1412
1413
1414
1415
1417
1418
1419
1420
1421
1427
51084
1428
1429
9946
1431
51380
158511
27254
7812
1434
1435
1436
1437
1438
1439
1440
1441
55454
1442
1443
1444
1445
114784
1446
1447
1448
1452
122011
1453
1454
53944
1455
1456
1457
1459
1460
1464
10675
79848
81566
80034
1465
1466
8048
1469
140880
1470
1471
1472
1473
8530
10047
128822
1475
1476
1477
1478
23283
1479
643311
54967
1485
30848
1487
1488
80169
10664
140690
23399
9150
58190
10106
10217
51496
1489
1490
1491
115908
1493
1495
1496
8727
1499
56998
56259
1500
1501
1497
1503
56474
9646
1504
440387
11330
1506
5476
1508
1075
1509
1510
8722
1511
1512
1513
1514
1519
1520
1515
1521
1522
2017
83992
55917
90353
348180
8029
79004
8454
8453
8452
8451
8450
8065
9820
23113
1523
23316
57703
10283
55280
143884
80157
6376
1524
1525
2919
3627
6373
6387
10563
9547
58191
284340
2920
2921
6374
6372
3576
4283
3577
3579
2833
7852
643
10663
256643
159013
91966
541578
55086
254158
30827
1534
220002
11068
1528
80777
124936
51706
51700
1727
51167
1535
1536
79901
1537
54205
114757
1538
1539
1540
1583
1584
1585
1586
1543
1544
57404
1589
1591
1592
56603
340665
1593
1594
339761
1553
1548
1549
1555
1562
1557
1558
1559
1565
1571
1572
1573
120227
29785
113612
51302
1576
64816
1577
1551
10858
1579
284541
1580
57834
66002
8529
126410
4051
285440
260293
199974
1595
1581
9420
1582
3491
192668
10800
57105
9267
9266
9265
27128
9595
54360
728294
23500
1601
153090
117154
51339
168002
1603
1605
747
55152
199699
1610
267012
1611
7818
1612
23604
1613
27071
1615
55157
164781
1616
1617
57055
57054
57135
26528
9802
1618
10926
80174
1621
1622
1627
79007
55861
28988
1628
51163
1629
440097
9730
79269
80344
25853
139170
340578
25879
54876
80067
26094
8816
55827
50717
79877
1630
117159
341019
51473
149069
8642
54798
1633
9201
166614
85443
9937
64858
64421
1634
196513
167227
28960
81501
1638
1635
1639
10540
11258
51164
84516
10671
79077
54165
55208
123879
23142
84259
51181
79016
23576
23564
1642
1643
1644
80821
23259
414301
84301
1649
54541
115265
23109
8528
1650
780
4921
65992
1652
100037417
1653
1662
10521
8886
55308
11269
11218
9188
9416
57062
29118
55661
55794
64794
10212
7919
1654
8653
54514
51428
11325
55510
9879
51202
54555
1655
79009
317781
168400
79039
57696
54606
23586
83479
55601
91351
10522
1666
26063
9191
1667
728358
1668
1669
1670
1671
1672
414325
55894
140596
503618
245908
503841
245927
117285
245934
245936
245938
81623
140850
1673
100289462
8560
123099
7913
57706
163486
79958
27147
163259
79961
10260
8562
55635
55789
120863
9681
91614
64798
51071
79139
51009
91319
1674
51029
55070
1676
1677
1687
494513
8694
84649
347516
8220
9993
8214
85359
54487
1606
1607
8527
8526
1608
160851
9162
1609
8525
1716
1718
1717
79947
27294
1719
200895
50846
1723
1725
115817
79758
147015
10202
10901
317749
51635
25979
201140
207063
55526
1665
8449
54505
22907
55760
56919
9704
60625
170506
57647
9785
79665
79132
1659
1660
56616
1729
1730
81624
23405
11083
27042
27292
1733
1734
23181
57609
22982
148252
54769
9077
116093
84925
22894
115752
129563
27185
85458
1736
22943
27123
27122
27121
27120
1737
10395
1738
9940
220107
1739
1740
1741
9231
9229
9228
58512
22839
9787
8788
65989
28514
10683
54567
1743
1745
1746
1747
1748
1749
1750
55929
1755
11144
1756
29958
1758
1760
1761
10655
58524
63951
63948
63946
9988
2039
1762
1657
23312
1763
123872
55172
54919
25981
196385
8701
201625
127602
8632
146754
55567
1767
1768
56171
1769
1770
27019
64446
3301
10294
9093
55466
3337
51726
54788
374407
79982
3300
11080
25822
10049
150353
165721
4189
64215
54431
55735
56521
23317
85406
29103
23341
55192
202052
131118
27000
134218
79962
120526
548645
51277
54943
5611
84277
3338
80331
85479
285126
9829
7266
22826
23234
83544
10126
7802
1773
1774
1775
1777
58511
373863
92737
144132
728489
1759
10059
1785
23268
1786
1788
1789
29947
23549
10591
1791
116092
30836
1793
55619
139818
1794
80005
57572
85440
81704
23348
1796
9046
79930
55715
55816
220164
285489
22845
57171
29980
23033
84444
1798
25911
135656
1800
64174
64180
8193
5977
8110
1801
1802
285381
51611
8813
8818
54344
57628
1803
1804
29952
54878
91039
151871
359787
55211
340168
503834
1805
283417
84661
1806
1807
1808
1809
10570
56896
165545
1810
55332
10589
374946
92749
83450
84229
1813
1814
1815
1816
4733
1819
29102
1821
1823
1824
1825
1826
57453
79075
10311
29940
92126
1828
1829
1830
147409
1832
667
11034
25778
51514
1837
1838
84062
56986
1840
113878
151636
23220
1841
53905
50506
90527
405753
338599
64118
54920
56931
11062
1843
11221
8446
11266
51207
128853
80824
150290
142679
1844
63904
56940
54935
78986
92235
285193
1845
1846
1847
1848
1849
1850
1852
1854
503835
1855
1856
1857
143241
54808
1778
1780
1781
51143
1783
79659
51626
8655
83658
83657
6993
6990
1859
9149
8445
8444
8798
8291
391475
161582
22873
9666
1869
1870
1871
1874
1875
1876
144455
79733
1877
85403
55840
55837
9166
1879
64641
253738
57593
10148
10969
10682
84650
11319
1889
9427
1891
55862
55268
1892
1632
10455
1893
1842
51295
1894
345930
1896
60401
10913
128178
80153
23644
10876
64184
9695
55741
80267
8721
10085
1906
1907
1908
1909
1910
26098
8411
8726
1915
1917
1933
1936
9521
1937
1938
29904
60678
80820
79645
90141
124989
84288
146779
64800
84455
285588
2202
30008
114327
79180
79631
1942
1943
1944
1945
1946
1947
1948
1949
23167
10278
9343
1950
51162
133584
1956
54583
112398
112399
1958
1959
1960
23301
254102
10938
30846
30845
30844
26298
1962
79813
10919
9538
126272
493861
10209
84285
1964
9086
10289
83939
27102
5610
9451
440275
1967
8892
8891
8890
8893
1939
1965
8894
1968
8661
8662
8663
728689
8664
3646
8665
8666
8667
8668
8669
27335
51386
10480
1973
1974
9775
1975
1977
253314
9470
317649
1978
1979
8637
56478
1981
1982
7458
1983
1984
56648
143244
9669
3692
55520
60528
1991
1994
1993
1995
1996
1997
1999
2000
2001
2002
2004
2005
8178
22936
80237
9844
63916
79767
55531
255520
84173
91748
2006
84337
64834
54898
83401
6785
79071
79993
55250
55140
26610
23587
54859
64100
133418
23065
284361
9694
55831
51234
83460
56851
10328
51016
51705
2010
146956
129080
11117
84034
24139
27436
161436
400954
2012
2013
2014
56946
2016
2019
2020
55740
10117
8507
2021
8909
284131
2022
64772
219670
2023
2026
2027
387712
58478
55556
55068
10495
2028
5167
5168
5169
22875
59084
133121
339221
2029
150350
953
954
956
9583
957
955
377841
56943
8320
2033
57634
2034
2035
2036
2037
23136
80314
26122
4072
255324
2041
284656
1969
2042
2043
2044
285220
2045
2046
2047
2048
2049
2050
2052
2053
7957
9852
29924
22905
55040
2056
2057
2058
2060
58513
2059
54869
64787
94240
8288
1833
26284
51752
64167
3266
2064
2065
2066
55914
23085
26059
2067
2068
2071
2072
2073
2074
54821
375748
1161
2069
2077
2078
57222
51290
51614
2079
90459
112479
79033
27248
10613
11160
114625
57471
2081
10595
30001
56605
121506
10961
23071
54206
90952
114799
157570
2098
51575
11082
9700
83715
339768
2099
2100
54845
80004
2101
2103
2104
80712
23344
57488
83850
2107
2108
2109
254013
2110
144363
23474
55500
55224
64850
2113
2114
2115
2117
2118
2119
2120
51513
84141
59271
2121
132884
2124
7813
115704
51466
2125
645027
2128
344191
2130
161829
55218
9156
55763
55770
11336
283849
91828
60412
10640
54536
23233
23265
9941
51013
5394
23404
51010
54512
56915
118460
23016
11340
5393
2131
2132
2134
2135
2137
2138
2139
2140
2070
346007
2145
2146
7430
2159
2160
2161
2162
2165
2147
2149
2150
2151
9002
2152
2153
2155
2157
474383
2158
79152
2166
158584
80233
199990
91442
2168
646486
2169
2170
2167
2171
2172
2173
646480
8772
3992
9415
11124
23197
2184
81889
51011
151313
399665
284611
83640
54491
144717
90362
79927
81558
150864
55007
158293
54954
116224
159091
116496
64855
348487
54463
162427
84908
10144
51306
25854
317662
285596
202134
27112
100132916
57700
64760
84140
26355
221303
401565
83648
130074
26049
340069
284069
165215
65990
345757
84142
90050
440585
80013
10712
80011
54540
642938
139231
259308
54942
54906
200232
388799
54757
9917
56975
125228
116151
127281
29902
144809
63939
203259
387680
253725
84915
55731
646851
57613
118670
26017
54097
10447
131177
115572
169966
170062
51571
26240
51307
79850
58516
54478
9750
140876
149647
153745
196472
284418
84691
199870
143684
151354
157638
51439
157769
339145
51647
25940
283742
147965
22909
2175
2187
2176
2177
2178
2188
2189
55215
55120
57697
92565
2191
84188
55711
10160
10667
2193
10056
355
356
2194
22868
60493
2195
2196
79633
2197
10826
85302
2091
54751
2192
2199
10516
129804
2200
2201
84467
2203
8789
54850
222235
144699
79176
146330
64839
80028
54620
25827
84961
283807
26224
26235
26234
26233
23194
55336
26267
80204
201456
157574
115290
84893
26232
23014
26263
26261
26260
126433
23219
26273
84085
79791
114907
254170
55030
130888
81545
162517
26272
51725
150726
54455
286151
93611
200933
23403
494188
26271
26270
25793
26269
26268
23291
285231
54461
55294
26259
84261
83953
2204
2205
2207
2208
51077
2209
2210
2212
2213
2214
2215
2217
23149
115548
89848
9873
9214
2219
2220
115350
79368
115352
83417
83416
84824
260436
2222
2224
2230
112812
91893
2232
2235
55527
10116
56929
2237
2241
55612
10979
83706
2242
26998
54738
9638
9637
389549
55079
2864
2867
2865
338557
2243
2244
2245
221472
89846
121512
152273
55785
2246
2255
2256
2257
2259
8823
8822
8817
9965
2247
26281
26291
27006
8074
2248
2249
2250
2251
2252
2253
2254
83888
143282
2260
11116
26127
2263
2261
2264
53834
2266
55277
10875
2268
2271
85462
2272
2273
2274
2275
9457
29109
80206
84929
9158
11153
9896
344018
55137
63979
27145
81608
51024
128486
84922
24147
60681
51303
55033
23307
2280
2281
2286
2287
2288
8468
51661
23770
11328
63943
79147
2218
80308
201163
2312
2313
2314
2316
2317
2318
10211
2319
23769
23768
23767
2321
2322
2323
2324
28982
55640
154791
342184
752
114793
91010
2326
2327
2328
2329
2330
2331
2332
158521
2335
64122
79672
23048
54874
23360
84624
643988
22862
64838
252995
54752
96459
57600
2339
2342
54914
2346
2348
2353
2354
8061
2355
3169
3171
27023
442425
2296
2303
2306
27022
2298
200350
286380
349334
653427
2304
2301
2294
2295
2290
8928
2299
2302
55810
22887
221937
3607
2300
668
2305
8456
3344
1112
121643
2308
2309
4303
27086
93986
50943
116113
94234
55572
80020
2356
2357
2358
2359
118924
10023
23401
158326
341640
2483
448831
79981
55691
23150
122786
90167
143162
9758
391059
10817
10129
285527
2487
84075
6624
25794
29999
79187
83856
123722
2488
2492
161835
10468
11167
10272
10841
2495
53940
2512
94033
79068
24140
117246
8880
8939
2517
2519
197258
139341
282969
5045
2521
2523
2524
2525
2526
2527
2528
2529
10690
80199
2395
8087
9513
5348
486
5349
53827
53822
2533
79443
2534
84248
8321
11211
2535
7976
8322
7855
8323
8324
8325
8326
51343
50486
55632
10146
9908
2538
57818
92579
2539
2548
2549
9846
139716
128954
11337
23710
11345
2550
9568
2551
2553
126626
2554
2555
2557
2558
2559
2560
2561
2562
2563
2564
2565
2566
2567
2568
2569
2570
2571
2572
1647
4616
10912
90480
339896
2580
51083
9514
64090
2581
2582
2584
2585
130589
2588
2589
55568
79695
114805
79623
117248
57452
374378
2590
2591
8693
11227
11226
51809
26290
50614
168391
442117
85569
2587
8811
8484
2592
2593
23193
2595
2596
2597
26330
26130
54433
2617
2618
2619
2620
2621
8522
2622
2520
2623
2624
2625
2626
140628
2627
57798
54815
57459
5188
283459
2628
2629
57704
2631
2632
8729
26301
2633
2634
2635
115361
163351
388646
2637
2638
25801
23464
79571
9648
2639
6936
2641
2642
2643
2644
2645
2646
2729
2730
8521
9247
10985
2650
2651
9245
51301
140687
257144
2653
9615
54332
78997
54834
51573
10220
9518
9573
8200
392255
151449
2661
2664
2665
2668
284161
54857
79153
220032
81544
390637
2669
8487
50628
25929
79833
79760
54960
348654
51608
2670
2671
2672
8328
85476
84340
54438
81577
2673
9945
2674
2675
2676
64096
26088
23062
79017
2677
8836
199720
9453
2678
728441
2687
124975
2686
92086
91227
2688
2689
2690
2691
2692
51738
2693
79018
54994
2694
64599
26058
26157
55303
55340
474344
168537
155038
9837
51659
64785
84296
2695
10755
54810
126326
2696
28964
9815
2697
84694
2700
2701
81025
2705
2706
2707
127534
2709
10804
10052
57165
349149
57369
219770
2710
2712
256356
200504
2717
2720
79411
89944
112937
26035
2731
2733
2734
2735
2736
2737
11010
256710
144321
152007
148979
84662
169792
11146
112770
2739
51031
2740
9340
2741
2742
8001
441509
2743
2745
51022
10539
51218
2744
27165
360203
55830
83468
51228
29997
2746
2747
2752
10249
92292
132158
84656
2760
2762
10691
26205
2764
9535
51291
2765
647309
51053
29926
29925
2766
51292
8833
2767
2768
10672
9630
2769
2770
2771
2773
2774
2775
2776
2778
2779
2780
346562
54584
2783
2784
59345
10681
10020
2790
2791
55970
51764
54331
2785
2786
2787
2788
94235
2792
2793
2794
29889
26354
54552
10578
27232
8443
10007
132789
64841
79158
84572
2796
2797
2798
2799
2800
2801
2802
2803
9950
51125
401647
23015
2804
27333
64083
127845
51026
54856
84520
57120
92344
64689
26003
9527
9570
2805
137362
2806
2811
2812
2813
51206
2815
8733
57678
84803
137964
55094
55668
151306
65056
60313
2817
221914
2719
2239
2262
10082
56261
2819
23171
2820
2852
170589
10243
2821
27238
2822
2824
11321
54707
51184
10457
2825
83550
139760
2835
29933
64582
124274
350383
4935
344561
344758
2838
285601
134391
387509
26996
23432
2840
54328
11245
2841
160897
11318
1880
2842
2843
2845
2848
2849
2850
2827
2853
2854
2859
2861
9283
2863
2828
2866
11250
9248
9293
9290
2830
83873
118442
81491
8477
8111
10936
27201
10888
53831
54329
54112
9737
9052
55507
222545
2874
26086
29899
2875
84706
2876
2877
2878
2879
2880
257202
2882
493869
10750
9402
400581
160622
2887
2885
2886
9687
64388
29841
79977
57822
9380
2890
2891
2893
2895
392862
2897
2898
2899
2900
2901
2902
2903
2905
2906
116443
116444
2907
23426
6011
156
157
2868
2869
2870
131890
2911
2912
2913
2914
2915
2916
2917
2918
2896
2922
80273
134266
2925
2926
79774
83743
389207
54103
145258
2928
55876
23199
83445
83903
2931
2932
51527
2934
2935
23708
2936
2937
2938
2939
2940
2941
221357
373156
2944
2946
2947
2948
2949
9446
119391
2950
653689
2954
219409
170825
2957
11036
2958
2959
2960
2961
2962
2963
2965
2966
728340
2967
2968
9569
2971
2975
2976
9330
9329
9328
112495
9567
85865
54676
84705
23560
8225
29083
51512
121355
149699
2978
2979
9626
2980
2981
2977
2982
2983
2984
3000
2986
60558
2987
51454
2990
2992
8908
2993
2994
2995
2996
2997
2998
3001
3002
2999
3003
3004
3005
341567
132243
8971
474381
55766
94239
3014
9555
55506
3015
286436
158983
3020
3021
440093
9563
23498
3026
22927
9200
201562
51495
401494
57531
26061
3033
3030
3032
3029
84264
3034
57817
9421
9464
54363
51179
9001
1404
283254
3035
23438
3036
3037
3038
8520
115106
55142
79441
54930
23354
54801
93323
26762
84868
10456
3039
3040
3043
3045
3046
1839
3047
3048
3042
26959
3049
10767
3050
338442
8843
3052
3054
29915
3055
3059
348980
610
57657
10021
3060
3061
3062
10870
3065
83933
79885
3066
8841
9759
10014
10013
51564
55869
9734
3067
51020
374659
3068
84064
81932
3069
139324
55127
55027
399671
54497
63897
50865
51696
25831
143279
79654
283450
23072
57520
57493
92797
3070
113510
391723
9931
85441
55363
51409
113802
253012
9843
341208
8925
8924
8916
26091
51191
55008
9709
3280
390992
388585
55502
84667
8820
3073
3074
10614
23462
23493
26508
3077
148738
164045
3081
3082
3083
51236
9146
138050
55733
57467
3087
64399
84439
79802
10086
11112
26275
3090
23119
283987
3091
55662
64344
25994
51501
29923
25988
3094
84681
135114
3092
9026
204851
28996
10114
147746
7290
8479
3024
3009
3006
3007
3008
3010
221613
8334
3013
3012
8969
85235
8329
8331
8336
255626
8347
3017
8343
8346
8970
85236
8340
8341
8351
8357
8356
8366
8364
8361
8363
8337
317772
8338
8349
440689
333932
126961
653604
92815
8290
121504
3096
3097
55355
3099
3101
80201
3105
3106
3107
3108
3109
3111
3112
3113
3115
3117
3118
3119
3120
3122
3123
3127
3133
3134
3135
3141
3131
6596
3142
81502
79618
3145
56941
83872
10363
10362
3159
8091
3146
3148
3149
127540
3155
54511
3156
3157
3158
3150
79366
22993
10042
3161
3162
3163
284293
3166
3167
340784
51155
6927
3172
3174
3176
10949
3178
3181
220988
3182
343069
3184
9987
3185
3187
3188
3189
3190
3191
92906
4670
10236
3192
11100
112817
9456
9455
9454
57594
51361
29911
84376
84525
84072
150280
3198
3206
3207
3209
3199
3200
3201
3202
3203
3204
3205
3211
10481
3212
3213
3214
3215
3216
3217
3218
3219
3226
3227
3228
3229
3221
3222
3223
3224
3225
3231
3236
3237
3238
3239
3232
3233
3234
3235
3240
50809
3208
3241
51440
3242
84842
3248
27306
3249
3250
3251
3257
84343
89781
11234
79803
10855
3263
55806
3265
117245
3270
3273
3269
3274
11255
59340
8739
9653
9957
9953
9394
90161
266722
3281
150274
3290
374875
3291
3292
3028
51170
51144
345275
51171
3294
3293
3295
8630
51478
7923
3283
3284
80270
83693
84263
3297
3298
124535
100506164
86614
159119
3320
3326
7184
259217
116835
6782
51182
3303
3304
3305
3306
3308
22824
3309
3310
3312
3313
3315
51668
8988
126393
26353
79663
23640
3329
3336
3339
10808
10553
27336
3346
3347
3350
3351
3354
3355
3356
3357
3358
3359
170572
200909
285242
3360
3361
3362
3363
5654
27429
94031
203100
3064
30811
3364
135458
10075
84329
3373
8692
8372
23553
54768
81888
123688
219844
25764
3375
3376
200205
3381
25998
3382
130026
3383
3384
3385
7087
23379
79664
22858
29851
23308
3397
3398
3399
3400
3416
3417
3418
3419
3420
3421
3422
91734
414328
3620
169355
3423
3425
9592
8870
51124
51278
25900
126917
3428
10437
3430
10561
10964
2537
64135
3434
439996
3433
3437
24138
8519
10581
10410
387733
3439
3446
3447
3448
3449
3451
3440
3452
3441
3443
3444
3445
3454
3455
3456
338376
3458
3459
3460
56832
282618
282616
282617
163702
3467
3475
55764
9742
26160
90410
64792
11020
112752
56912
51098
55081
80173
57560
28981
8100
3476
9543
57722
3479
3480
3481
10642
10644
10643
3482
3483
3484
3485
3486
3487
3488
3489
3490
91156
3508
3543
100423062
3547
285313
283284
147710
3321
150084
10261
93185
57549
22997
3549
3550
8518
3551
10320
22806
64375
64376
3586
3587
3588
3589
3590
3592
3593
3594
3595
3596
3597
3598
3600
3601
3603
3605
27190
27189
53342
112744
23765
55540
84818
54756
400935
3606
10068
8809
8807
29949
3552
3553
7850
3556
11141
26280
9173
8808
3557
3558
50604
53832
53833
59067
50615
50616
58985
116379
51561
149233
11009
64806
55801
246778
9466
3559
3560
3561
3562
386653
133396
9235
90865
146433
26525
27178
3563
3565
259307
3566
3567
3568
3569
3570
3572
3574
3575
3578
3581
3608
3609
3611
80895
10994
196294
83943
10989
55272
92856
3612
3613
55364
54928
3614
3615
3617
50939
9118
3619
64423
3621
3622
54556
51147
84289
3623
3624
3625
3626
83729
54617
83444
125476
54891
283899
3628
3631
8821
3632
3633
3635
56623
22876
27124
51763
3636
3630
387755
3638
51141
3640
3641
10022
11172
3642
84684
3643
3645
26173
55174
57117
57508
65123
92105
80789
26512
25896
55656
55756
27152
27130
9807
51447
117283
253430
51194
9670
79711
3843
10527
10526
55705
3652
79781
9657
23288
132141
389123
389124
440956
64799
124152
8826
10788
128239
9922
23096
3654
134728
3656
11213
51135
3658
3659
3660
26145
359948
64207
3661
3662
3663
3664
3665
3394
10379
56269
345611
126298
3667
8660
8471
79192
153572
79191
50805
10265
79190
81689
122961
23479
9636
3669
81875
3670
64843
3671
57611
140862
145501
51015
79763
729920
9798
91464
57461
51477
83737
55846
3672
8515
22801
3673
3674
3675
3676
3678
3655
3679
8516
3680
3681
3682
3683
3684
3685
3687
3688
9270
26548
3689
23421
3691
3693
3694
3695
3696
9358
3697
3698
3699
3700
347365
3702
55600
142683
9445
3704
3705
3706
3707
80271
3708
3709
3710
6453
50618
3712
3713
10625
55677
389434
284359
126123
100129669
113177
79960
182
3714
84522
3716
3717
3718
58494
83700
120425
3720
221895
3512
122953
221037
65094
23210
133746
9929
56704
57158
57338
10899
3725
3726
3727
3728
8997
23189
256949
163782
284058
151050
54934
55683
3735
2648
8850
10524
7994
23522
11143
84148
11104
84056
83473
10300
23254
166348
390594
55709
89890
84078
84541
3736
3744
3737
3738
3739
3741
3743
7881
8514
9196
3745
3746
3747
3748
3749
3750
3751
3752
3753
9992
10008
23704
23630
3754
3755
26251
170850
93107
3756
3757
23415
81033
90134
131096
30820
30819
30818
80333
3758
3766
3767
3768
3769
3770
3772
3773
3759
3760
3761
3762
3764
3765
3775
54207
60598
83795
338567
3776
3777
50801
8645
9424
10089
51305
3778
3779
3781
3782
3783
3784
3785
3786
9132
56479
3787
3790
57582
157855
27012
169522
284252
83892
147040
253980
79047
79734
146212
23510
51133
54442
200845
54793
10945
11014
11015
23028
221656
22992
84678
55818
51780
9682
23030
23081
390245
5927
10765
8242
8284
7403
23135
80853
79831
3791
2531
9817
3792
11081
154288
10657
202559
10656
3795
8570
9768
9812
9897
9856
79932
23392
9692
23247
22889
23240
23313
23325
84162
57462
57179
57536
25962
57604
57608
57648
57650
25758
158405
340533
57498
3832
113220
63971
23303
9928
56992
55614
57576
81930
124602
547
23095
10749
10112
9585
55605
23046
3835
9493
3834
26153
55083
55582
3796
84643
11004
11127
9371
3797
24137
285643
3798
3799
3800
221458
374654
64147
22920
3833
90990
3801
22944
3802
3804
3805
3811
3812
115653
55243
84063
84623
3814
84634
3815
4254
9365
152831
3831
64837
147700
89953
10661
7071
8462
51621
83855
128209
10365
51274
9314
688
1316
8609
11279
687
122773
23008
23588
116138
54758
126823
57626
317719
55175
59349
57565
339451
23276
11275
27252
9903
84861
151230
54800
64410
54813
26249
401265
114792
79786
10324
57542
51088
55975
57563
55958
3816
5655
11012
43849
26085
43847
55554
3817
354
9622
25818
5653
5650
3818
100144748
3820
3821
3822
3823
8302
3824
10219
22914
8564
4297
58508
8085
55904
387893
51111
84787
3827
57082
400506
90417
9735
3836
3838
3839
3840
3841
23633
402569
3837
11133
3845
83999
79412
65095
889
11103
3848
3858
3859
3860
3861
3866
3868
3872
3875
3880
3849
54474
25984
3850
3882
3883
3851
3852
3853
3854
286887
3855
112802
121391
9119
3856
3887
3888
3889
3890
3857
337960
337963
85293
85291
85290
84616
85289
81871
728224
100132386
3846
83899
83900
85280
83901
200185
283455
112970
3895
79036
339855
883
56267
8942
54596
79944
112849
26013
83746
144811
246269
90070
114294
51110
646262
3898
3902
8270
3903
3906
284217
3908
3909
3910
3911
3912
3913
3914
22798
3915
3918
10319
3916
3920
27074
55004
28956
8649
389541
10542
10314
55915
51056
9741
55353
7805
9215
120071
23367
55132
113251
55323
51574
51520
23395
81887
3927
27040
7462
9113
26524
54900
143903
81606
3929
3930
10660
85474
167691
150082
3931
353143
3932
253558
51451
9836
3933
3934
401562
84458
254251
3936
3937
3938
197021
60526
8861
9079
11155
3939
160287
92483
3945
3948
197257
3949
388633
26119
23641
116842
11061
51176
10637
7044
149018
221496
23592
55891
79165
123169
3952
3953
54741
3954
137994
342900
163747
3955
3956
85329
29124
148003
3957
3958
3959
3960
3963
653499
3964
3965
284194
654346
29094
9211
55203
203190
163175
5641
55366
8549
59352
51557
3972
3973
10186
340596
10184
375323
222662
64077
9355
8022
89884
64211
26468
431707
56956
11019
3976
3977
3978
3980
3981
11024
11027
79168
10859
10288
11025
11006
3982
51474
8994
3984
3985
3987
55679
79727
389421
55957
91750
132660
8825
64130
55327
286826
84894
158038
339398
55180
3988
3990
3991
8513
9388
149998
142910
643414
340654
643418
387787
9516
167410
3996
3993
3998
79748
10960
81562
55788
29995
64788
89782
4000
4001
4004
4005
55885
8543
4008
25802
442721
22853
114783
4009
4010
348801
4012
80856
84708
9361
83752
91694
164832
4014
4015
125336
4016
4017
84695
84171
4018
1902
9170
23566
57121
10161
79888
54947
10162
254531
9926
23175
9663
64900
4023
4025
9404
9227
987
23143
57631
84859
4034
57622
57497
79414
78999
145581
116844
136332
26018
9860
121227
26103
340745
4035
26020
29967
53353
4036
55805
4041
4040
7804
4043
10128
122769
55227
376132
390205
389257
10234
474354
64922
79442
55222
10233
441381
126364
389816
123355
81543
339291
2615
126755
127495
116135
100505591
64101
55631
10489
254050
201255
90506
57470
54839
94030
57689
440699
105378803
219527
115399
255252
116064
55379
23639
65999
220416
339977
100130742
57554
100130733
56262
23507
84230
55144
80131
85444
401387
9208
84125
127255
344657
79705
120892
57633
10446
54674
164312
347730
26045
347731
80059
90678
57408
654429
220074
222229
55341
27257
84967
134353
124801
26065
149986
57819
27258
25804
23658
11157
51690
51691
4046
4047
7940
4049
4048
4050
1241
56413
4052
4054
8425
4055
4056
4057
4058
26046
84946
55692
51631
51747
4060
51213
767558
206338
56925
4061
259215
4062
9450
23643
55646
4066
4067
116372
137797
27076
130576
10434
11313
127018
57149
57226
57128
90624
388695
1130
10894
4069
84569
119180
131375
54585
8216
11178
84445
9762
130951
4074
4081
10586
346389
23499
28992
140733
8379
4085
10459
8174
8567
10296
84944
4094
84232
389692
9935
23764
4097
7975
4099
4100
4109
4110
4111
4102
4103
4105
4107
4108
4112
4114
158809
9947
51438
139081
9500
10916
728239
57692
64110
28986
54551
9223
9863
260425
4116
55110
84061
79568
4117
84549
4118
7851
115416
10892
256691
9794
55534
10046
284358
4121
10905
11253
57134
4124
4122
4125
23324
4123
4126
63905
79694
149175
7873
4128
4129
4131
84557
81631
440738
55201
4133
5604
5605
5606
6416
5607
5608
5609
4214
4294
4296
7786
9175
389840
80122
10746
4215
4216
4217
9064
6885
1326
4293
4134
11184
5871
8491
9448
11183
4135
9053
55700
79884
5594
5602
5600
6300
5603
1432
225689
93487
5595
5596
5597
5598
5599
9479
23542
23162
5601
79109
9261
7867
22919
10982
22924
4137
65108
8685
4139
2011
4140
57787
4141
92935
83742
153562
4142
116511
10747
22983
23139
23031
84930
4144
27430
4145
4146
4147
4148
57506
4149
4150
4151
115004
151963
4152
8932
53615
85509
125997
8930
114785
51562
4153
153364
4154
10150
55796
154141
129642
619373
79143
4155
8720
51360
4157
4158
4159
4160
4161
4162
27349
4163
56922
64087
401250
84693
4168
23263
90411
2847
84539
345643
4170
4171
4172
8888
4173
4174
4175
4176
84515
254394
79892
157777
57192
255231
79648
10445
79772
28985
90550
55013
9656
4188
29969
266727
161357
4190
130752
4191
4192
56890
4194
23195
4199
4200
4201
64769
2122
4204
51102
5469
84246
400569
9968
116931
9969
23389
9282
51586
10025
9440
54797
219541
9477
9412
6837
9439
9862
81857
9441
9442
80306
55588
90390
51003
29079
10001
9443
112950
55090
4205
4208
4209
4210
84466
84465
1953
1954
150365
254528
284071
4211
4212
56917
9833
4241
51072
4221
4222
4223
4224
4225
56257
56955
10461
59274
23184
55897
145873
4232
4233
23173
254042
10988
4234
149281
51603
57721
196074
79066
64745
92342
151194
196541
79091
124512
728464
339175
55798
56339
29081
196410
79828
51108
92312
51320
4236
4237
4238
9848
4239
8076
56947
4240
9258
55669
9927
4242
83552
64747
79157
79847
64645
84879
388931
113655
54842
256471
23269
8972
93432
4245
4247
4248
11320
11282
152586
4249
146664
10724
11343
92667
4255
4256
23295
4257
4258
4259
8190
375056
57534
142678
64780
9645
57553
85377
79778
4277
10367
221154
286097
4281
11043
90007
54471
125170
57708
54531
4282
57409
374986
60672
84864
50488
9562
54468
55586
4284
4285
145282
79003
54069
55320
126353
129531
4286
83881
4288
8195
57591
57496
4289
8569
2872
23608
23609
7681
54903
283078
2315
23209
9761
4291
8079
4292
27030
197259
4298
8028
10962
4300
4295
2862
79083
64223
6945
22877
51085
23417
166785
326625
25974
27249
23531
4311
79258
93380
4312
4319
4320
4322
4323
4324
4325
4326
4327
4313
9313
118856
8510
10893
64386
56547
64066
4314
4316
4317
4318
22915
64210
253714
4330
4331
84057
4332
55329
4335
3110
64112
55233
92597
81532
126308
148932
25843
55034
4338
27304
4340
116255
80168
346606
7841
5891
84315
22879
27136
22880
23515
79710
10933
9643
283385
254956
4342
56180
158747
64598
4343
54456
9526
8777
219972
4350
10199
10200
54737
10198
4351
4352
136647
84954
4353
4354
4355
4356
58538
64398
51678
143098
65258
758
744
23164
4358
255027
4359
9019
3140
56246
112609
22808
4361
55686
55257
117194
84245
29960
55178
133558
65008
124995
65003
6182
28998
64928
29088
54948
63875
29074
9801
51069
55052
219927
29093
6150
79590
51264
10573
11222
51263
64983
9553
64981
51318
64979
51253
64978
54148
51073
64976
64975
28977
84545
65080
26589
57129
51642
740
54534
51258
122704
116540
116541
128308
78988
3396
65005
55173
64963
6183
63931
64960
51021
51373
55168
28973
51023
51116
56945
51649
64951
64432
64949
23107
28957
10884
10240
51650
65993
60488
92259
64969
64968
51081
64965
92399
57380
51154
931
54860
503497
2206
932
245802
58475
91283
9242
343930
4436
4437
4438
4439
2956
4440
124540
339287
55167
10943
10232
6307
4478
4481
4482
51734
22921
253827
118490
4485
4486
2660
4487
4488
4489
4490
4493
4494
4495
4496
4501
4502
4504
84560
9112
9219
57504
4507
4508
4509
27085
23787
23788
23255
4512
4513
4514
4515
4519
92140
7978
80298
51001
130916
4520
22823
123263
51537
113115
92170
26164
4522
25902
10797
441024
4524
10588
64779
4528
219402
4534
8776
54893
54545
64419
8898
8897
9110
9107
9108
55613
66036
4535
4536
4537
4538
4539
4540
4541
4543
4544
25821
2475
55149
136319
4548
9617
54516
4552
9788
92154
4547
57509
4580
10651
345778
10071
143662
94025
140453
200958
394263
4585
727897
4588
4589
118430
79594
80198
4593
4594
4595
93343
89853
4597
4598
9961
4599
4600
4084
83463
10608
4601
25878
439921
54587
91663
4602
10514
4603
4605
4604
4606
4607
4608
343263
4609
26292
84073
4610
4613
4615
56005
50804
26579
4617
4618
4619
4628
4629
8735
79784
22989
4620
4622
4624
4625
57644
4626
4627
4632
93408
10627
103910
4633
4634
4635
4636
4637
58498
10398
29116
4638
85366
91807
340156
29895
55892
4651
51168
23026
399687
84700
4640
4430
4641
4642
4643
4542
64005
283446
53904
140469
4644
4645
55930
4646
4647
4648
4649
4650
4653
93649
4654
4656
8736
9172
9499
58529
51778
84665
339344
745
25924
114803
4661
23040
100820829
51237
7593
9683
55728
29104
8260
84779
80155
79612
51126
80018
122830
60560
84316
79829
80218
27163
10003
10004
254827
4664
4665
64859
79035
4666
342538
23148
112939
138151
133686
55191
8883
92345
4668
55577
4669
51172
162417
203245
4671
259232
10135
79923
340719
339345
342977
140838
54187
4673
4674
4675
4676
266812
8775
63908
222236
8774
93100
9476
4677
79731
4678
9
55226
375607
10
9027
339983
26151
89796
89797
89795
55739
128240
51594
26960
65065
23218
4681
4683
4077
83988
4684
4685
1463
9918
23310
64151
54892
23397
29781
4686
22916
55421
57552
653361
4688
4689
4690
8440
10787
3071
57701
51517
4691
56926
8648
10499
8202
57727
23054
135112
9611
9612
9437
9436
259197
374383
23413
23385
55706
10403
81565
80762
54602
4692
79625
27158
4693
10397
57447
57446
3340
8509
9348
64579
4694
4705
126328
55967
51079
4695
4696
4697
4698
4700
4701
4702
4704
4706
51103
91942
25915
29078
79133
137682
55471
284184
4707
4716
54539
4708
4709
4710
4711
4712
4713
4714
4715
4718
4719
4720
4722
4724
4725
4726
374291
4728
4723
4729
4731
4703
10529
63941
25977
55707
5818
5819
25945
121441
4734
23327
4738
4739
4744
4741
257194
79661
252969
55247
4750
152110
4751
6787
10783
140609
284086
91754
7469
25920
7936
4745
9147
23306
100131211
29937
4756
25871
10763
10276
81831
4758
4759
10825
129807
9148
54492
4760
4761
58158
4762
63973
50674
91624
4763
4771
23114
4772
4773
84901
4775
4776
4778
4779
4780
9603
4774
4781
4782
4783
4784
4790
4791
4792
4793
84807
4794
4795
64332
4798
9054
27247
4799
152518
4800
4801
4802
58157
25983
25791
4803
4804
55768
51335
79840
4807
4808
378884
374354
283948
55651
4810
4811
22795
60491
84365
167359
51199
4814
22981
51388
123606
81614
57185
348938
25836
8508
11188
4817
56954
154215
79576
222698
85407
85409
4818
28512
28511
284353
55922
4820
7080
4821
159296
1482
137814
4824
579
4825
84504
157848
54475
22871
57555
54413
57502
22829
51701
57486
58484
84166
22861
91662
126204
338323
55655
114548
147945
126206
171389
199713
126205
338321
79671
4828
4829
51068
4830
4831
4832
4833
8382
10201
29922
51314
9111
64802
23057
349565
57407
54981
27231
129521
4836
9397
10874
10316
56923
4826
4837
23530
84273
28987
135935
26155
64318
79050
25819
10392
64127
4838
9241
79954
25926
79159
8996
65083
51406
55035
79707
9221
64434
23420
283820
408050
4841
55505
8602
4839
10528
51602
161424
4842
9722
4843
4846
115677
4851
4853
388677
4854
4855
344022
147111
4856
4857
4858
27035
50508
50507
79400
10811
124056
122945
4861
4862
64067
266743
4863
256933
2831
2832
4864
29881
10577
56654
79716
9520
8620
64106
10886
4867
27031
261734
4868
7827
9284
642799
642778
100288332
101059938
101059953
728888
613037
440345
100132247
80896
55666
4869
255743
4878
4879
4880
4881
4882
4883
10641
8131
594857
387129
27020
4885
23467
64111
283869
4852
4886
4887
5540
4889
1728
4835
190
8431
9572
9975
7376
10062
9971
8856
9970
7181
7182
7101
7025
7026
2063
2908
4306
3164
4929
8013
2516
2494
2649
4892
441478
4893
29982
29959
4897
4898
4899
3084
9542
10718
145957
8204
83714
56675
203447
4901
8829
8828
375387
80023
4902
9378
9379
9369
10412
64324
50814
4905
55968
25936
8439
197370
286053
56160
54780
26012
84081
54888
63899
387338
55695
221078
79730
30833
84618
93034
22978
51251
115024
64943
284958
4907
56953
123803
4908
4913
50863
28989
9423
4917
59277
126147
22854
84628
84284
4914
4915
4916
4922
4923
23620
9891
4682
10101
80224
64710
10726
84955
134492
4521
170685
55190
83594
25961
256281
55270
131870
84309
200035
11051
11164
283927
254552
53343
83540
26747
57532
4926
8650
9253
57122
55746
9972
9631
23279
23511
23165
23225
91181
8021
129401
79023
348995
10762
53371
9818
23636
54830
79902
4927
9688
4928
11097
26471
389493
116150
51203
10204
256646
4931
284434
57495
10482
56000
55998
64359
115861
158046
120400
11249
11247
29107
55916
60506
221443
4938
4939
4940
8638
4942
4947
51686
29991
29989
84033
23363
729330
4948
79629
54940
132299
100506658
654231
4951
4952
128506
54959
4953
4956
113746
440836
161753
146852
8481
4967
55753
55239
4968
4969
8473
11339
29789
93145
118427
10562
116448
10215
167826
4973
115209
4958
4974
4975
3175
390874
441161
4976
80207
4983
5956
728458
611
23596
94233
221391
4985
4986
4987
4988
58503
26254
10133
283297
79290
138803
138802
441933
4992
126370
26740
392392
135941
81392
26212
4993
26716
7932
284383
283092
390199
81127
79317
441669
119678
119679
120787
81050
441608
403278
390321
341416
254786
219858
26493
219956
219957
220064
4998
4999
23595
5000
5001
23594
5004
5005
94101
29095
94103
10956
5007
23762
114884
114885
114876
9885
26031
114879
114880
114881
114882
114883
126014
127700
51526
55644
64172
734
5008
9180
116039
100128731
58505
26578
28962
5009
9381
340990
283310
133060
92736
347741
23440
55611
78990
220213
23252
54726
55593
139562
51633
5013
5015
5016
5017
58495
5018
5019
64064
165140
27199
339229
92106
54995
9943
5020
5021
5023
22953
5024
5025
5026
9127
5028
27334
5032
64805
53829
9934
5029
5030
5031
286530
64175
55214
10609
5033
8974
283208
5034
54681
5036
80227
26986
80336
340529
645974
5042
8761
140886
8106
390748
135138
55690
23241
29993
11252
29763
11240
51702
23569
5047
54623
5048
5049
5050
5051
55824
8712
389860
9506
90737
79447
5053
10606
10605
51247
400961
5058
55003
5062
5063
10298
57144
56924
79728
23022
114299
54873
5066
51025
9924
255967
53354
80025
79646
55229
24145
56666
196743
167153
64282
11044
89932
10914
56903
64895
5069
60676
9061
9060
152559
54852
164091
85315
344838
56288
117583
50855
84612
84552
8505
5071
11315
55486
5073
142
84875
57097
64761
54625
165631
10038
10039
143
79668
83666
25973
55742
29780
64098
139135
23178
10207
219988
23598
5074
5075
5076
5077
5078
5079
5080
5081
7849
5083
94104
22976
51260
55872
64081
55193
5087
5089
5090
80714
57326
5091
5092
84105
5093
5094
54039
57060
5095
5096
5097
27328
83259
51294
65217
57526
5099
5100
5101
64773
91523
51585
84759
10336
84333
84108
55795
5105
5106
27445
5108
5110
115294
55251
5111
57092
5116
22990
399909
5118
26577
126006
5122
27344
5126
54760
5125
9159
255738
58488
51449
78991
5130
9468
5833
11333
5133
11235
22984
80380
5134
84306
27250
9141
10016
10015
10081
5082
132954
347862
10846
50940
201626
5153
5137
5138
5139
5140
5142
5144
9659
8654
5145
5158
5146
5147
5148
5149
5150
27115
5151
5152
64146
5154
5155
56034
80310
5156
5159
5157
5160
5161
5162
8050
64714
2923
9601
10954
10130
149420
204474
5163
5164
5165
5166
9124
64236
27295
8572
10611
9260
54704
57546
5170
10630
55066
81572
23244
23047
23590
57107
3651
8566
57026
5173
51248
79849
57595
5174
10158
23024
29951
8682
375033
5037
157310
55825
553115
23089
5178
57162
246330
53918
27043
10400
5179
5184
5187
8864
8863
64065
23481
5189
5192
8800
8799
92960
5193
5194
5195
9409
5824
5828
55670
8504
5830
51555
5190
5191
5196
5197
5198
5201
5202
5203
5204
10471
5207
5208
5209
5210
5211
5213
5214
5216
5217
345456
375189
643834
643847
5222
5223
5224
441531
192111
80055
27315
84547
267002
5225
5226
5228
80162
5229
5230
5232
25796
8993
114770
5236
55276
283209
5238
5239
283871
54858
5241
10857
10424
9489
221692
9749
51808
5245
11331
1912
80012
5251
5252
55274
51131
57649
26147
5253
51230
51105
51317
79142
23349
84844
84295
51533
23133
26227
55023
5255
5256
5257
5260
5261
22822
7262
23612
23187
90102
23239
493911
401
8929
29085
57661
5264
84457
85007
51050
221476
5266
55361
55300
8554
9063
10401
51588
10464
8301
9463
55022
55367
9780
63895
80119
128344
5277
9488
5281
54872
5283
10026
9487
93183
23556
51227
9091
5284
94005
51604
128869
55650
54965
84992
80235
55011
120379
118788
5286
5287
5288
5289
5290
5291
5293
5294
113791
5296
8503
30849
23533
200576
29992
5292
11040
415116
5300
5303
65018
54984
5304
5305
79837
8394
8395
23396
138429
51268
8544
23761
5306
23760
9600
83394
10531
5307
5308
5309
9271
55124
143689
64219
9867
5310
168507
5311
9033
27039
91461
10343
5314
5569
5570
11142
5313
5315
9088
5585
5586
29941
5316
63876
5317
5318
11187
8502
51365
8399
81579
84647
23659
11145
5319
5320
391013
26279
30814
64600
50487
5321
100137049
283748
123745
5322
8398
7941
22925
9373
10761
51316
5324
5325
5327
5328
5329
151056
79887
196463
23236
5330
5331
5333
84812
5335
5336
23007
9651
5334
257068
89869
5337
5338
23646
122618
201164
5339
5341
26499
59338
65977
57664
22874
84725
58473
79156
79666
26030
25894
153478
57449
55200
57475
130271
9842
23207
389072
51177
5340
5343
55848
5346
123
10226
729359
440503
5347
10769
1263
10733
126520
51090
5350
5351
5352
8985
5355
8611
8612
8613
196051
84513
64748
79948
9890
5356
5357
5358
5359
57047
57088
5360
83483
57125
5361
5362
55558
91584
5364
23654
5365
10154
23129
148811
135293
5366
5367
6490
56937
83449
5371
5372
5373
5375
5376
23203
9512
5378
5395
10654
139728
25957
25953
11284
5406
5407
119548
10687
57469
5409
5411
56902
5368
4860
57104
80339
8228
150379
10908
375775
50640
55163
87178
10957
55629
25886
282809
134359
127435
79883
5420
50512
23509
23275
56983
23126
5422
23649
5423
5424
5425
10714
57804
84271
5426
5427
54107
56655
5428
11232
5429
11201
51426
27343
27434
353497
10721
25885
84172
9533
51082
64425
5431
5432
5433
5434
5435
5436
5438
5439
548644
5440
5441
81488
11128
55703
10623
661
55718
10621
10622
84265
171568
51728
5443
55624
84892
84197
51371
10585
29954
5444
5445
5446
10940
10775
51367
64091
5447
64840
10631
25913
100996331
100287399
388468
317754
445582
23784
653269
653781
5449
5450
5451
5452
25833
5453
5454
5455
5456
5457
5458
5459
5460
11281
151649
5464
27068
5465
5467
5468
10891
133522
5471
5473
60490
79717
5475
5470
8500
8499
8541
8497
8496
5478
645142
728945
644591
5479
5480
5481
10450
10105
9360
10465
51645
53938
85313
285755
9677
23262
5493
5494
5495
8493
22843
9647
57460
152926
151742
147699
51400
5498
5499
5500
5501
5514
6992
4659
54776
23368
10848
94274
26472
23645
84919
84988
26051
10842
170954
5502
84152
151242
9858
116729
284352
5506
79660
5507
5509
90673
89801
286187
5510
5511
55607
5515
5516
5518
5519
5520
5521
5522
55844
5523
28227
55012
5525
5526
5527
5528
5529
5530
5532
5533
5534
5535
5531
9989
151987
57718
5536
100506012
5537
22870
9701
55291
23082
5538
9374
160760
23398
5539
10084
130814
84366
84106
23532
343071
65122
400735
9055
5546
768206
5547
639
56980
63978
63977
63976
7799
11108
11107
93166
56978
56979
5052
7001
10935
10549
25824
9588
10113
27166
10650
51012
5549
5550
9581
57580
80243
10394
10216
5555
144165
166336
4007
5557
201973
5562
5563
5564
5565
5566
5567
5568
5571
51422
53632
5573
5575
5576
5577
5578
5579
5580
5581
5582
5583
5584
5588
5590
5587
25865
23683
5591
5592
5593
8575
79706
5613
5617
51052
2834
5619
5620
58531
3276
3275
10196
10419
55170
54496
56341
23627
5621
389333
5624
10544
5625
58510
84432
60675
128674
8842
5626
5627
11212
5629
8858
8559
27339
9129
26121
84950
55119
55015
9128
55660
25766
8899
24148
10594
5630
5961
5631
221823
5634
5635
5636
55771
54458
78994
253143
222171
79170
51334
729627
401137
339779
11272
55615
80758
133619
7916
84726
23215
5638
5639
80863
112476
5396
51450
5644
8492
10279
10942
64063
5646
167681
146547
136242
339501
345062
339105
221191
203074
400668
136541
5652
56952
283659
5657
58497
158471
57716
5660
29968
8000
5662
84249
23362
23550
5663
5664
55851
5669
5680
5670
5671
5672
5673
5675
5678
11168
5681
85481
5682
5683
5684
5685
5686
5687
5688
143471
5689
5699
122706
5690
5692
5693
5694
5695
5696
5698
5700
5701
5702
29893
5704
5705
5706
5707
5716
5717
5718
5719
10213
5708
5709
5710
5711
9861
5713
5714
5715
5720
5721
10197
23198
9491
8624
56984
84262
389362
55269
5723
5623
84722
118672
9051
9050
5724
5725
58155
9991
55037
5727
8643
139411
374308
442213
171558
9791
81490
5728
9317
256297
5729
11251
5730
5731
5732
5733
5734
9536
80142
10728
5737
5738
5739
5740
22949
145482
5742
5743
5741
5745
113091
5746
5744
5747
2185
5753
5754
5757
5763
5764
53635
11156
5524
138639
114971
5770
5781
5782
5783
5784
26469
5771
26095
11099
26191
25930
5774
5775
84867
5777
5778
5780
5786
5787
5790
5789
5791
5792
5793
5794
5795
5796
5797
5798
5799
5800
5801
11122
10076
5803
284119
138428
51651
5805
9232
5806
8226
22827
9698
23369
9933
5813
5814
80324
150962
83480
54517
83448
126789
5816
5817
79037
11137
5822
114825
7837
137902
54899
11264
5829
92370
29108
5831
29920
65263
260434
5834
5836
5837
26108
90780
149628
84305
79912
84795
100996939
5697
5858
5859
5860
9444
25797
54814
23475
347148
84109
54870
84074
55278
79832
5768
169714
81890
79691
203069
27291
23518
91300
140902
10890
8766
9230
80223
22841
9727
26056
201475
5872
51552
376267
64284
22931
401409
5861
81876
55647
57403
51715
53917
57111
25837
5873
5874
9364
8934
5862
84932
27314
10981
9363
83452
11021
9609
23682
54734
5864
5865
115827
9545
22930
25782
5866
117177
142684
282808
10966
57799
347517
115273
339122
5867
53916
5868
5869
5878
5870
51560
84084
7879
4218
51762
9367
51209
10567
79874
10244
23637
9910
27342
5875
5876
5877
11159
11158
55684
5879
5880
5881
29127
10399
5810
5884
56852
5885
642636
5886
5887
5888
10635
729475
5890
5889
5892
5893
25788
8438
23132
5883
144715
8480
135250
353091
154064
5894
5896
5897
10743
26064
5898
5899
10928
253959
57186
57148
5900
9649
55103
22913
138046
10267
10266
10268
5901
5902
57610
64901
5903
8498
202151
26953
10048
5905
29098
5906
5908
5909
5910
5911
5912
57826
2889
9693
10411
11069
9771
51735
51195
65059
5913
5914
5915
5916
5918
5919
5920
5917
57038
5921
5922
22821
10156
8437
9462
64926
51655
23551
158158
153020
5923
5924
10125
10235
25780
115727
54922
10633
387496
65997
51285
11186
9770
11228
9182
125950
30062
84839
5925
9821
57786
5928
5929
5930
5931
5932
140893
10741
10616
54715
23543
64080
5933
5934
8241
10137
389677
10432
64783
84991
9904
282996
55696
55147
221662
58517
64062
54439
55131
5935
155435
23029
55544
9584
5936
55285
79171
375316
129831
166863
10181
10179
5937
5939
27303
27316
51634
27288
5940
5947
5948
5950
83758
3516
11317
11030
64145
9978
149041
1827
10231
11123
55213
1102
1104
55920
91433
25898
10171
5954
5955
283248
55758
92241
5957
343035
157506
51109
145226
112724
57665
8608
5959
5962
8434
5965
9400
65055
51308
221035
80346
7905
92840
5967
5968
5068
83998
5966
5970
5971
768211
5649
84957
28954
161253
5972
5973
29803
85021
9185
11079
473
85004
79785
5978
5979
56729
84666
54884
51455
5980
57455
25996
57109
5981
5982
5983
5984
5985
317671
117584
55312
144347
359845
5986
5988
10739
10738
342931
729974
442247
64326
55159
5989
5990
5991
5992
5993
222546
8625
5994
28984
23179
5863
57139
266747
56963
285704
9104
9827
400966
729857
653489
285190
84220
729540
727851
5995
5996
6001
8786
6002
6003
10636
6004
26575
64407
10287
5997
8601
431704
26166
5998
5999
8490
9628
6000
85397
8787
388531
353299
6005
84236
57414
25807
64285
79651
9028
54933
162494
6006
51458
6009
121268
83695
6010
387
388
9886
23221
22836
389
29984
54509
391
399
57381
23433
55288
89941
58480
171177
158800
114822
85415
158787
57589
79608
60626
55188
253260
10247
55183
83547
353116
196383
23504
284716
57494
22999
79890
6015
60561
83732
55781
8780
8737
8767
11035
54101
92129
6016
6014
6017
6018
51132
6013
6019
117579
151393
55177
80010
116028
64795
64777
6035
6036
6037
6039
84659
246243
10535
79621
84153
6041
8635
27289
8153
390
9921
7844
26994
54778
7732
7737
140432
55905
55298
79845
63891
54941
55658
79589
11342
55819
168433
84282
51444
11236
9604
9781
255488
153830
81847
378925
284996
57484
146310
494470
26001
165918
56163
81790
285533
51255
221687
138065
91445
54546
25897
127544
6045
56254
727800
57674
200312
154214
55182
643904
11237
64320
79102
55072
140545
80196
152006
80352
6047
9810
10193
54894
22838
6048
6049
9616
9025
51136
84900
8732
6050
8731
55599
6051
57140
10921
6091
6092
64221
54538
6093
9475
6094
140823
54763
152015
83853
4919
4920
6095
6096
6097
6098
6101
94137
6102
6100
6117
6118
6119
29935
26015
79657
6120
6121
80135
84154
6103
57096
23322
22895
9501
22934
6134
4736
140801
6135
6136
6137
23521
9045
6138
6139
6141
6142
6143
6144
6146
200916
9349
6147
6152
6154
51121
6155
6157
6159
6122
6156
6160
6161
6164
11224
6165
25873
6173
6166
6167
6168
6169
6170
116832
6123
6124
6171
6125
6128
6129
6130
285855
6132
6133
6175
6176
6181
6184
6185
11102
79897
54913
138716
10556
10557
10799
55197
58490
23248
6204
6205
6206
6207
6208
6209
6210
6217
6218
6222
6223
91582
6187
6224
6227
6228
6229
6230
6231
6232
6233
51065
6234
6235
6188
6189
6191
6192
6193
6194
6195
6196
6197
8986
27330
6198
6199
6201
6202
6203
3921
126638
57521
113000
27079
285367
84881
6236
10670
10325
64121
58528
6237
22800
6238
10692
6240
6241
50484
54700
8568
23223
51018
23076
88745
27341
23378
9136
23212
6247
55316
91543
54665
222194
6248
51773
79363
26156
51187
89765
27156
83861
345895
81492
221421
284654
340419
84870
343637
51319
65117
57035
6251
8634
51493
51750
23168
51507
6242
388015
6252
6253
10313
57142
84816
65078
146760
349667
64108
9711
80230
22902
285180
10900
861
862
860
864
23623
9853
8607
10856
51389
112611
10069
25950
201965
59350
122042
51289
339403
6256
6257
6258
23429
6261
6262
6263
6271
6281
6282
6283
57402
140576
6273
6275
6277
6278
6279
6280
6285
795
6286
1901
9294
1903
8698
53637
6288
6289
6291
113174
29901
22908
26278
10055
6294
9667
6295
55511
6299
27164
57167
201191
161394
154075
55095
389432
142891
54809
219285
25939
25813
64092
79595
10284
8819
29115
79685
56681
51128
51669
1757
84324
6301
54938
9092
9733
23328
54440
163786
6303
112483
6304
23314
340562
60485
158297
55776
51119
6305
81846
22904
374897
157869
6309
9169
57466
22828
286205
10066
10067
192683
51282
22937
49855
51435
286133
949
950
8578
51097
6319
79966
8796
23256
7857
29106
6447
7356
10648
10647
404552
4246
4250
92304
117156
10590
29970
388325
85477
132320
51540
22955
10389
6336
11280
6323
6324
6326
6327
6328
55800
6329
6330
6331
6334
6335
79005
6337
6338
6339
6340
6341
9997
60592
6342
140856
59342
23513
90507
85508
6343
6344
57758
222663
57410
55681
55153
6382
6383
9672
6385
6386
10807
10806
163859
6388
23753
51150
6389
54949
57001
135154
6390
6391
6392
221935
54549
8436
195814
56948
93517
121214
10993
113675
23478
90701
6396
6397
266629
284904
9717
730005
9919
89866
26984
9117
10484
10483
11196
10802
10427
9632
9871
22872
25956
29927
55176
10952
23480
7095
11231
79048
9728
81929
6400
80343
23231
6401
8991
9403
280636
85465
58515
140606
57190
83642
6414
55829
51714
348303
6402
6403
6404
10371
10512
223117
9723
6405
56920
64218
10509
54910
10507
10505
57715
9037
54437
57556
10500
80031
8482
6406
6407
29843
59343
26168
205564
26054
57337
123228
22929
51091
84947
26135
10169
26297
253190
57515
10955
27230
387923
5265
51156
256394
145264
12
5267
5104
866
6906
327657
1992
5273
5275
5055
6317
6318
5268
5269
8710
5271
5272
462
3053
5054
5270
5176
5345
710
871
5274
5276
29950
29946
56256
400120
27244
83667
143686
91404
6418
26040
9739
23067
29072
84193
54093
55209
79918
80854
9869
83852
6419
23064
7536
10291
8175
10946
23451
10992
23450
10262
83443
51639
9814
57713
2810
6421
119392
6422
6423
6424
6425
6433
113402
375035
84826
253970
653509
729238
6439
6440
6441
94081
118980
81855
119559
6442
6443
6444
8910
6445
137868
112869
84251
6446
10110
259230
166929
151648
151246
8879
81537
130367
6448
129049
9905
27352
6449
54557
25970
10019
4068
117157
9047
10045
10044
6450
6451
83442
23616
6452
9467
80851
152503
79729
6455
6456
6457
51100
56904
30011
9644
285590
57630
153769
344558
54436
79628
26751
50944
22941
81858
6461
6462
6464
25759
53358
399694
79801
81626
126669
7979
6469
388336
729956
440829
729993
92799
6470
6472
8036
6473
6474
23729
257218
55164
134549
357
57619
57477
6476
54414
6477
6478
59307
6614
89790
114132
89858
27036
27180
284369
10280
150094
23235
80143
64374
6492
6493
375484
25942
23309
6494
26037
23094
140885
55423
23411
22933
23410
23409
23408
51548
51547
27240
10572
6495
10736
6496
51804
147912
4990
220134
348235
221150
8631
8935
6497
6498
6499
23517
390598
652991
6500
6502
6503
84174
6504
114836
56833
7884
6554
6555
84068
6556
4891
6557
6558
6559
6560
57468
9990
10723
84561
56996
6561
64849
284111
6563
8170
6564
6565
51296
121260
729025
6566
117247
162515
387700
9121
9120
9194
23539
220963
6568
10246
10786
26503
57084
57030
246213
6570
6571
6572
116843
10560
80704
6505
6506
6507
6509
6510
6511
6512
6574
6575
6580
387775
55867
116085
9390
9389
5002
6582
63027
283238
387601
6581
6583
6584
9356
10864
9376
114571
9963
9962
151295
9187
25769
123041
6576
1468
8402
8604
10165
9016
10478
83733
60386
83884
788
89874
79751
79085
29957
114789
115286
9481
5250
253512
83447
81034
84275
284723
399512
55186
51312
54977
51629
291
55972
284427
203427
91137
283600
292
92014
293
10861
65012
284129
1836
1811
5172
375611
65010
115111
116369
115019
376497
11001
11000
10999
10998
28965
2030
3177
55315
222962
6513
81031
66035
154091
114134
144195
6514
6515
6517
56731
6518
11182
155184
29988
56606
7779
55532
7780
7781
7782
64924
55676
148867
169026
10463
1317
1318
140679
9197
6569
10568
142680
10559
7355
23443
113829
55032
10237
347734
51000
84912
55343
51006
23169
11046
340146
79939
55508
339665
222553
341880
80255
54978
159371
83650
206358
153201
285641
120103
219855
84255
81539
124565
151258
54407
55089
145389
55238
146167
153129
27173
57181
201266
221074
91252
23516
29986
29985
55630
283375
25800
7922
64116
55334
6519
6520
30061
254428
8501
124935
23446
57153
126969
80736
51151
85414
55244
146802
6521
57282
22950
6522
6508
8671
9497
9498
83697
55974
200931
123264
79581
113278
6523
159963
6524
6527
6528
8884
60482
160728
200010
6529
6538
6539
6540
55117
28968
388662
348932
340024
6530
54716
6531
6532
9152
6534
6535
6536
6541
56301
23657
157724
57709
6542
84889
6545
8140
9057
84138
9056
23428
11136
6546
6543
6547
80024
6548
6549
6550
9368
9351
389015
10479
84679
23315
150159
133308
285335
284525
6579
10599
28234
338821
6578
11309
28232
28231
133482
84250
81892
6585
9353
6586
114798
84631
22865
26050
9748
7871
6588
6590
79811
10569
57152
548593
79008
84464
128710
4086
4087
4088
4089
4090
4091
4092
4093
60682
64744
6594
6595
8467
56916
50485
6598
6599
6601
6602
6603
6604
6605
8243
27127
10592
9126
10051
23137
79677
23347
4184
140775
91689
23049
23381
23293
9887
55181
56006
388588
113444
643155
114926
389203
79086
6606
6607
10285
6608
64093
64094
54498
6609
6610
55512
55627
23676
26952
6611
6525
342527
55234
23583
57154
64750
150572
56950
114826
10322
6615
6591
333929
8773
6616
9342
116841
9892
6617
6618
6619
6621
10302
23557
6622
9627
6620
6623
27044
25992
11267
79753
8303
9751
54861
23020
79622
11017
11066
9410
154007
6625
6626
6627
6628
6629
6631
6632
6633
6634
6635
6636
6637
6638
6640
6641
6645
54212
54221
4809
10073
22938
6642
29887
29916
29934
23161
57231
29907
9784
112574
6643
124460
79856
28966
83891
81609
8724
401548
169166
254122
257364
8723
27131
58533
51375
29886
51429
6646
8435
55084
8651
8835
9021
122809
9655
9306
6647
6648
6649
140710
402381
6651
10580
8470
10174
57537
22986
6652
6653
6272
6654
6655
50964
25928
65124
6656
6663
9580
64321
54345
6657
6658
11063
6659
6660
55553
83595
30812
6662
6667
6672
3431
11262
93349
6668
6670
6671
121340
221833
53340
81833
124912
171169
389852
729201
6674
653423
10407
79582
200162
10615
9576
9552
26206
9043
6677
30014
64648
494197
6678
8404
6683
353324
221178
83893
128153
132671
219938
9825
64847
374955
84690
124044
130560
124045
132851
166378
79029
55064
55812
145946
221409
147841
57405
28972
9789
60559
25803
54908
245711
388333
92521
23384
25876
79925
10290
374768
23013
220082
246777
80208
23111
51324
6687
8877
56848
80309
6688
6689
152185
23514
10927
474343
169981
6690
11005
404203
643394
6692
10653
10816
391253
6693
83985
124976
201305
23626
90853
6695
9806
50859
8405
339745
51490
6696
6694
84888
162540
121665
6697
161742
200734
399473
6699
6707
83932
10252
10253
10251
81848
84926
283377
57213
80176
84727
92369
6709
6710
6711
6712
57731
51332
10558
9517
55304
171546
165679
80763
84654
6713
58472
8878
10011
55133
6714
10847
6715
79644
6720
6721
140890
6722
153443
57522
9901
5552
6717
6345
6723
6725
6727
6728
6729
6730
6731
6726
6732
6733
26576
6734
58477
8406
27286
63826
402055
10250
23524
6426
10772
9295
135295
6427
6428
6429
6430
6431
6432
8683
140809
6736
6760
26039
51188
6741
6742
23635
23648
170463
54434
85464
54961
136263
8636
8082
6745
6746
6747
6748
6749
10534
6750
6751
6752
6754
6755
29101
6756
117178
6767
6768
6483
6487
6484
8869
10402
6764
6480
84620
55808
10610
256435
27090
81849
30815
6489
8128
7903
338596
23166
55576
6769
342667
246329
10274
10735
10734
8027
10254
10617
57559
26228
6770
90627
83930
134429
80765
147323
9754
57519
6772
6773
6774
6775
6776
6777
6778
6779
6780
27067
8987
6781
8614
55240
246744
6491
6786
10963
6793
6794
8576
9263
9262
8859
8428
10494
51765
6788
56164
202374
55351
282974
65975
140901
27148
11329
23012
27347
6789
83931
3925
11075
81551
79991
2040
9399
30968
161003
85439
219736
64220
346673
92335
55437
11171
55342
161497
85369
57464
6801
29966
29888
412
3703
201595
10273
375057
8677
8676
23673
8675
55014
53407
415117
6804
112755
2054
6809
6810
6811
10228
8417
9482
6812
6813
6814
252983
134957
9515
29091
55359
6815
51657
10923
8803
8802
8801
56670
51430
64426
51684
57794
10147
10910
23213
55959
6817
6799
6818
27284
6819
6783
6822
6820
25830
285362
25870
7341
6613
6612
387082
23353
25777
140732
6821
11198
55578
8464
6827
6829
6830
9913
6832
6834
6836
6838
56241
6839
79723
23512
9900
9899
22987
374969
79987
6840
258010
136306
23075
375757
126074
55638
93426
256126
644186
342898
6847
10388
221711
50511
85360
84144
25949
6850
8189
6853
8224
81493
10492
23345
23224
161176
8831
9144
9143
8867
8871
55333
23336
11346
132204
6855
6856
90196
6857
341359
23208
57586
83849
83851
51760
127833
84258
6860
6861
9066
90019
143425
84958
94120
94121
94122
84447
26099
23334
6862
134864
9287
9038
319100
83551
10454
257397
6863
6866
6867
10579
10460
51204
6869
6865
6870
4070
117143
93624
10474
6872
6881
6882
6883
6884
9015
9014
79101
138474
6873
83860
6874
6875
6877
27097
6878
10629
6879
54457
129685
6880
51616
117289
6876
8407
29114
6886
6888
132001
85461
26115
128989
10010
57551
9344
51347
6890
6891
6892
55080
202018
6894
6895
23435
6897
80222
123283
80835
80834
83756
50834
50839
50838
50840
50833
259294
259295
50831
259293
259290
5726
259285
50832
259286
259287
353164
259289
259292
54429
259296
338398
50837
50836
50835
6898
83940
9797
128387
8887
30851
219793
23216
83874
26000
374403
23232
54662
57533
64786
125058
79735
55296
55357
128637
161514
25771
55633
55773
4943
353149
254272
23102
23329
93594
221322
9882
9779
51256
11138
54885
23158
23061
6902
1155
6904
29110
9755
6907
79718
90665
26608
10607
6908
9519
387332
10716
84897
9238
6899
347853
6913
9096
9095
6909
57057
30009
50945
6926
9496
6910
6911
6915
6916
123036
8557
6917
6919
6920
9338
140597
85012
79921
158931
56849
127428
6921
6923
6924
51224
162699
10915
6938
6939
6941
6942
6943
150921
100129654
22980
6929
6925
6932
83439
6934
10732
7062
84260
10312
8115
6947
6948
6949
6950
6953
140290
401285
6954
55346
255394
100996648
202500
6991
200132
255758
79600
79867
26123
6996
6997
6999
55775
51567
56165
126668
91646
100129278
81550
23424
122402
8463
7005
7004
7006
25851
9895
9524
253017
7007
6975
7008
7010
83659
27285
64518
150483
146279
9894
100134934
10178
57451
7011
146705
7013
7014
54386
7015
26136
54997
7016
10420
9633
9840
80312
54790
200424
54881
56159
56158
56155
56154
55852
51368
339669
84066
7018
7019
7021
7022
83741
339488
7023
51106
64216
7024
29842
7027
7029
51270
7030
7942
22797
7031
7032
7033
10342
24144
7035
7980
29844
7036
7037
7038
23483
7039
7040
7041
7042
7043
7045
7046
7048
7049
9392
7050
60436
90316
7051
7052
7053
7047
9333
343641
10618
96764
7054
63892
55145
56906
57215
5612
83591
90326
51078
80764
199745
79725
7056
7057
7058
7059
7060
51298
117145
51337
9473
54974
79896
55258
9984
57187
84321
8563
79228
80145
7064
7066
7067
9967
7068
7069
55901
221981
79178
55623
80745
25917
7070
7072
9220
7073
7074
148022
90381
7075
92610
497189
57103
84948
201633
8914
26519
26515
26517
10440
10245
29090
29928
100652748
90580
10469
92609
1678
26521
26520
51300
7076
7077
7078
7079
26277
25976
54962
261726
114609
93643
7082
9414
7083
7084
26007
7086
8277
84076
57707
140711
7088
7089
7090
7091
79816
9874
11011
7092
7093
7094
7096
81793
7097
7098
7099
10333
51284
51311
54106
3195
3196
30012
83877
80213
4071
116211
9032
53345
7108
10548
9375
9777
51372
64114
51643
7009
117531
117532
79838
11322
79905
147138
23023
9911
57458
54499
127391
55002
145942
11018
10972
10959
23423
222068
50999
146456
51014
283578
54732
23671
84336
54664
79022
66000
79073
8834
375346
283953
11070
84216
80757
114908
128218
84233
55863
55654
85013
92305
23505
54972
114795
92293
121256
124842
51524
135932
10430
28978
81853
51522
129303
201799
57146
54958
54929
81615
84187
153339
200728
134285
340061
134288
55365
28959
80775
57583
202915
25829
55751
25880
147744
256130
130612
147007
23670
338949
79652
131920
29100
84928
389177
54867
51259
219854
124446
79064
65062
100288797
84302
55026
348013
746
54916
123591
57393
55754
203562
55161
140738
79041
55151
90407
440026
79188
55076
120224
10329
757
79639
55529
90809
9528
9725
55362
57156
169200
157378
91147
137695
51249
157753
144110
255043
25963
84910
92162
58986
51754
389827
162461
9772
339168
27346
7110
259236
57413
7111
29767
29766
29765
7112
339967
9407
28983
283471
5651
7113
64699
56649
80975
164656
360200
9168
11013
7114
9087
83857
160418
81542
54495
3371
7124
7126
7127
7128
7130
25816
79626
8797
8795
8794
8793
8792
4982
51330
23495
115650
8764
608
8784
55504
7132
7133
27242
8718
7293
8771
943
3604
8743
8600
8741
10673
8740
9966
8995
7292
944
8744
23043
10318
79155
79931
10188
8658
85456
80351
64102
63923
7134
7125
7135
7136
7137
7138
7139
7140
7141
7142
3842
30000
23534
7143
84629
27327
23112
57690
7145
23371
64759
7148
10140
114034
54472
10043
10040
146691
9804
387990
56993
10953
10452
84134
401505
100188893
54543
9868
4796
7150
116447
7153
7155
7156
8940
11073
10210
1861
26092
27348
27433
64222
54863
9760
84969
27324
7157
63970
7158
7159
9537
9540
94241
58476
112858
8626
7161
7162
53373
7163
7164
7165
89882
91978
7166
121278
7167
27010
7168
7169
7170
7171
7172
7173
1200
7174
11076
122664
51673
7175
285386
127262
51002
286262
284355
7177
23430
25823
8460
8459
7178
22974
29896
6434
8717
7185
7186
7187
26146
10758
80342
9618
7188
7189
84231
10906
10293
22906
66008
23471
9697
10131
58485
7109
60684
51112
80006
6399
51693
27095
100128327
51399
126003
79090
122553
22878
83696
50852
1787
11181
54210
54209
340205
79865
55809
11219
7200
29953
7201
51499
10221
28951
57761
10107
81559
9830
89870
10626
51127
23321
6737
10346
373
8805
7706
7726
5987
10155
23650
10612
11074
22954
51592
53840
23087
55521
4591
56658
89122
135644
90933
129868
54765
80263
80128
91107
79097
57093
283116
642612
85363
135892
84767
57159
84675
25893
286827
117854
166655
391712
55223
84676
642446
9866
440730
55128
140691
81786
131405
493829
375593
378108
81603
114088
339976
205860
7204
11078
9322
9321
9320
9319
9325
7205
54802
51531
55621
93587
158234
54931
60487
51504
55039
54482
81627
27037
79979
152992
57570
51605
115708
55006
55687
54952
51095
7216
10024
6738
8989
7220
7222
26133
7224
7225
57113
4308
7226
80036
54795
29850
140803
54822
79054
7227
7442
51393
162514
59341
56302
55503
8295
142940
26995
128229
7248
7249
8848
1831
81628
116461
80746
79042
283989
10102
7251
114960
7252
7253
10194
128553
57616
60385
25987
85480
7247
203062
7257
10103
23554
26526
144448
10099
6302
10077
7106
7103
10867
54084
706
222642
9256
7258
100289087
64591
728137
728395
7259
64061
23270
85453
388951
55720
90121
115939
7260
10078
83942
23617
81629
283629
7263
7264
100131187
84630
146057
7265
54970
79573
158248
55761
54902
199223
79809
153657
164118
79989
55622
23331
83894
7267
92104
150737
64427
130502
100287898
143941
9652
125488
7268
91875
319089
57217
145567
123016
23508
283237
7270
8458
9675
7272
150465
25809
254173
158135
23170
83887
26140
9654
23093
284076
79739
164714
164395
7273
7274
79183
7276
94015
80727
7275
7846
10376
84790
7278
113457
112714
7277
51807
79861
203068
81027
7280
347733
10381
10382
10383
84617
51174
51175
7283
27175
10844
10426
27229
85378
7284
7286
7287
7288
7289
56995
11334
286753
64852
780776
51030
201158
5756
11344
7291
117581
221830
56652
57045
7294
200081
167838
55787
7295
25828
51061
51060
57544
84817
84203
81567
255220
10190
9352
10907
54957
7296
10587
114112
7297
1890
7298
7299
7301
7305
7306
219743
55253
127253
129450
7307
199746
11338
55075
6675
91373
7317
10054
9039
79876
7311
55236
7318
10422
55833
9898
53347
84959
7314
7316
10537
7319
7320
11065
7321
7322
7323
51619
7324
7325
10477
140739
7326
7327
7328
7329
51465
118424
3093
7332
9246
9040
7334
63893
55585
92912
134111
54926
27338
29089
148581
7335
7336
55284
65264
7337
89910
9690
90025
9354
10277
56061
29914
8266
164153
59286
84993
134510
29855
254048
22888
7342
29979
29978
50613
56893
143630
197131
23304
130507
23352
51366
55148
92181
7343
51035
127733
91544
165324
137886
23190
80700
26043
7345
7347
51377
83549
7371
54963
7349
90226
7350
7351
7352
55293
51506
7353
23376
51569
402682
55325
7357
7358
56886
55757
7360
79799
7365
10720
7366
7367
54490
7363
7364
133688
167127
7368
127933
54887
115426
51720
80329
80328
79465
8408
9706
25989
54986
7369
7372
9094
84747
23025
10497
440279
201294
55898
146862
90249
219699
8633
222643
137970
54346
81622
340260
7374
64718
51733
5976
26019
65110
65109
11045
7348
7379
7380
105375355
7378
139596
55245
84300
29796
10975
7381
7384
7385
7386
7388
27089
646625
9875
55665
81605
131669
7389
79650
55850
7391
7392
10083
7399
83878
84833
7398
9100
8237
219333
8975
9097
9958
10600
377630
728369
728373
728379
728393
728400
728405
728419
11274
10869
9099
10868
27005
23326
23358
29761
83844
57646
57663
9960
84749
57478
84669
23032
9736
57558
57602
57695
84640
10713
7375
55230
373856
84132
124739
84101
85015
64854
55031
84196
8078
373509
158880
54532
159195
9098
9712
7874
9101
8239
8287
10208
10090
8433
51118
10813
9724
84135
51096
27340
84294
57050
84916
55813
7402
10911
257313
2837
7404
7405
57654
80146
8409
55697
6843
6844
9341
8674
10791
6845
8673
81839
57216
9218
9217
7407
57176
22846
79805
114990
7408
10493
57687
7409
7410
10451
25806
7411
7412
1462
7414
7415
80124
79609
26609
51480
51481
9084
353513
7416
7417
7419
7421
7422
7423
2277
27287
79674
7716
55591
7425
51442
245806
389136
9686
7428
391104
7429
50853
7431
7432
63894
7433
7434
5212
79001
154807
7436
203547
400673
81671
57191
8876
8875
81552
7441
29802
23230
157680
54832
64601
57617
84313
9559
112936
51160
65082
26276
55737
51028
137492
79720
55048
155382
23339
27072
11311
27183
9525
55610
738
6293
55275
51542
6944
7443
7444
51231
55237
340547
11326
7447
128434
30813
338917
51534
79679
143187
10490
7448
64856
4013
90113
23078
81556
375567
402117
220001
7450
51322
23063
7453
10352
7454
8936
10810
8976
23559
51729
23558
164684
11193
64409
114049
155368
135886
57590
115825
23001
57705
11169
51057
9948
55717
55759
64743
57418
57728
91833
84219
80232
253769
10885
114987
55339
89891
57539
134430
22884
401551
10785
55255
23160
54521
11152
56270
9277
22911
57599
11091
84058
54853
79726
54554
11180
55112
80349
284403
126820
128025
144406
23335
55100
256764
84942
54663
84128
79968
79084
79819
124997
80335
51398
349136
83889
126248
112840
197335
116143
151525
23038
55093
7465
494551
58189
280664
128488
140686
149708
140870
259240
117166
124857
7466
123720
25861
7468
54904
11197
7456
147179
644150
55062
26100
8840
8839
8838
58525
79971
65125
65267
65266
7471
80326
7480
7481
51384
7472
7482
7473
89780
54361
7474
81029
7475
7476
7477
7478
7479
7483
7484
55135
7486
56897
26118
55884
9671
7490
9589
23286
80014
51741
11059
11060
25937
56949
54739
170626
7494
6375
6846
2829
7498
7499
331
7504
114786
286046
55113
7507
7508
7511
7512
63929
7514
57510
23214
23039
11260
9213
7515
7516
7517
7518
7520
2547
54464
22803
143570
9942
64131
64132
57002
10413
8565
51067
54059
4904
51087
8531
150223
55689
8089
7525
10897
90522
54432
78992
25844
84272
81555
286451
285525
374887
10652
56252
10730
55432
29799
388403
83719
219539
51646
79693
91746
64848
54915
51441
7529
7531
7532
7533
10971
7534
7528
55249
404281
353174
284273
7535
326340
9189
58486
114821
81030
221527
7541
7704
7709
10472
57621
26137
9278
9841
57684
27033
10009
84614
57659
9923
360023
23099
84878
140685
92999
10773
51341
51043
339487
153918
84872
9877
23091
79882
55854
124245
23144
23211
376940
84524
56829
92092
51530
55906
54819
23318
389874
23174
51538
29063
79670
84186
84240
85437
152098
29800
79844
653082
54503
79683
158866
84287
23390
131540
51201
253832
340481
51304
64429
55625
29801
51114
6935
9839
10444
79752
90637
130617
60685
93550
7763
54469
57623
196441
463
79776
162239
80108
124961
677
7539
132625
346171
643836
55734
284406
146198
80829
7542
161882
23414
51663
23217
7543
7544
53349
9765
84936
79038
23503
9372
11244
22882
7545
7546
7547
7586
80317
7745
153527
64393
55954
57178
83637
10269
9203
9202
9204
51364
10771
116225
23613
64397
7771
163071
7690
7694
7700
7701
7702
7707
7712
90338
7718
169841
7565
7727
7733
7738
7739
7743
7752
7753
7755
7756
10520
7760
7761
7762
7764
51222
7766
7767
7571
9310
7572
57209
90987
113835
339324
10127
10795
10782
11179
7576
129025
55609
54816
23528
57335
162979
7551
91975
57343
79692
25799
388569
284695
63925
7581
23567
84671
59348
30832
149076
22891
167465
195828
84911
171017
25946
151126
79750
346157
55893
252884
84307
57541
55628
79797
7592
57862
84330
55786
55659
147686
147923
155054
170959
9668
80818
220929
51710
79973
55311
55663
58499
84627
25888
133923
197407
158399
284443
84838
162968
26048
115560
91392
84858
22847
22869
118472
84450
130557
147807
116115
84503
57711
55205
84215
115196
79230
148156
147741
147837
163050
84924
163081
374900
148266
148268
64763
284346
147949
199704
92285
9640
51042
146434
80095
57507
23060
81856
284370
114991
90441
89887
23361
57232
27332
158506
22834
55279
79027
389114
144348
79759
171392
163223
342926
257101
146542
55657
374879
7621
90592
80139
440077
100132396
728957
100131980
286075
124411
170960
654254
283337
65988
7629
284390
92595
79724
58492
54989
374928
285971
284309
100289678
136051
7633
168850
91752
390980
347344
91603
128611
116412
7637
284371
344787
643641
100507290
57169
10467
741
30834
84937
223082
84133
148066
22917
7784
57829
11055
124626
8882
54764
9406
84083
8233
284312
84891
80345
342945
100101467
201516
151112
57688
125150
221302
9183
55055
11130
79364
440590
79699
7791
23140